0
0
0
1e-09
2e-09
2e-09
0
3.9e-08
2.6e-08
8.3e-08
9.6e-08
1.23e-07
1.43e-07
1.6e-07
1.34e-07
1.81e-07
1.94e-07
1.66e-07
1.4e-07
1.97e-07
2.09e-07
1.73e-07
2.17e-07
2.41e-07
2.82e-07
3.13e-07
3.02e-07
3.64e-07
5.51e-07
3.95e-07
3.71e-07
4.55e-07
5.33e-07
5.42e-07
4.51e-07
4.46e-07
4.59e-07
4.7e-07
4.98e-07
5.72e-07
6.99e-07
6.7e-07
5.26e-07
4.49e-07
3.48e-07
2.67e-07
2.36e-07
2.28e-07
4.67e-07
3.96e-07
5.3e-07
5.21e-07
5.19e-07
5.17e-07
6.62e-07
5.14e-07
6.29e-07
6.97e-07
8.56e-07
1.108e-06
1.189e-06
1.223e-06
1.222e-06
1.127e-06
1.168e-06
1.02e-06
1.044e-06
8.12e-07
8.78e-07
8.7e-07
9.07e-07
8.35e-07
8.81e-07
7.06e-07
5.83e-07
6.17e-07
5.78e-07
6.05e-07
4.43e-07
4.29e-07
4.2e-07
3.8e-07
3.75e-07
3.11e-07
3.92e-07
4.46e-07
5.54e-07
5.38e-07
4.71e-07
4.86e-07
4.14e-07
4.19e-07
3.84e-07
3.2e-07
3.3e-07
3.5e-07
1.94e-07
1.16e-07
1.37e-07
1.41e-07
1.54e-07
2.06e-07
3.53e-07
5.35e-07
3.98e-07
3.66e-07
3.12e-07
2.71e-07
3.04e-07
2.95e-07
2.07e-07
1.69e-07
2.35e-07
1.54e-07
1.19e-07
1.59e-07
1.63e-07
1.58e-07
9.9e-08
7.6e-08
8.5e-08
1.22e-07
2.47e-07
2.28e-07
2.21e-07
1.6e-07
2.46e-07
2.95e-07
3.31e-07
2.63e-07
3.16e-07
3.14e-07
5.75e-07
5.06e-07
4.59e-07
5.89e-07
7.13e-07
6.72e-07
6.43e-07
5.4e-07
5.17e-07
3.18e-07
3.45e-07
3.86e-07
4.26e-07
4.22e-07
5.38e-07
4.91e-07
4.43e-07
4.71e-07
4.5e-07
3.2e-07
3.92e-07
4.4e-07
4.51e-07
4.64e-07
5.12e-07
4.9e-07
7.56e-07
7.88e-07
9.89e-07
1.052e-06
8.78e-07
9.71e-07
5.72e-07
6.26e-07
5.56e-07
6.61e-07
7.12e-07
7.33e-07
7.53e-07
6.83e-07
6.38e-07
5.89e-07
5.6e-07
5.21e-07
5.55e-07
5.75e-07
5.47e-07
5.84e-07
6.36e-07
7.77e-07
8.66e-07
6.99e-07
6.67e-07
5.51e-07
5.02e-07
3.89e-07
3.31e-07
3.68e-07
3.76e-07
3.91e-07
4.1e-07
3.21e-07
3.6e-07
2.9e-07
2.73e-07
2.69e-07
3.56e-07
3.4e-07
3.06e-07
2.94e-07
3.82e-07
2.56e-07
1.73e-07
1.53e-07
1.72e-07
1.9e-07
2.08e-07
1.77e-07
1.82e-07
2.02e-07
2.16e-07
2.32e-07
3.04e-07
4.01e-07
3.66e-07
4.01e-07
5.34e-07
4.99e-07
5.34e-07
5.56e-07
5.81e-07
6.02e-07
4.82e-07
5.59e-07
6.09e-07
8.67e-07
1.091e-06
1.134e-06
1.101e-06
1.16e-06
1.196e-06
1.342e-06
1.205e-06
1.134e-06
1.241e-06
1.175e-06
1.088e-06
1.205e-06
1.018e-06
1.036e-06
1.213e-06
1.53e-06
1.289e-06
1.455e-06
1.587e-06
1.718e-06
1.756e-06
1.573e-06
1.698e-06
2.03e-06
1.702e-06
1.812e-06
2.125e-06
1.949e-06
1.964e-06
2.163e-06
2.194e-06
2.259e-06
2.302e-06
2.315e-06
2.498e-06
2.517e-06
2.664e-06
2.294e-06
2.483e-06
2.336e-06
2.292e-06
2.053e-06
1.507e-06
1.635e-06
1.583e-06
1.737e-06
1.798e-06
1.787e-06
1.826e-06
1.679e-06
1.686e-06
1.733e-06
1.956e-06
1.841e-06
1.723e-06
1.854e-06
2.114e-06
2.183e-06
2.402e-06
2.328e-06
2.47e-06
2.518e-06
2.102e-06
2.263e-06
2.257e-06
2.303e-06
2.398e-06
2.358e-06
2.545e-06
2.304e-06
2.367e-06
2.313e-06
2.223e-06
2.258e-06
2.422e-06
2.341e-06
2.334e-06
2.451e-06
2.488e-06
2.593e-06
2.706e-06
2.571e-06
2.558e-06
2.512e-06
2.671e-06
2.834e-06
2.911e-06
3.259e-06
3.231e-06
3.652e-06
3.858e-06
3.774e-06
3.569e-06
3.688e-06
3.695e-06
3.668e-06
3.668e-06
4.092e-06
4.02e-06
3.944e-06
4.295e-06
4.183e-06
4.152e-06
4.045e-06
4.745e-06
4.916e-06
4.814e-06
4.933e-06
4.822e-06
4.836e-06
4.823e-06
4.826e-06
4.77e-06
4.657e-06
4.708e-06
4.683e-06
4.658e-06
4.665e-06
4.633e-06
4.634e-06
4.639e-06
4.661e-06
4.632e-06
4.587e-06
4.58e-06
4.593e-06
4.572e-06
4.578e-06
4.61e-06
4.615e-06
4.564e-06
4.738e-06
4.599e-06
5.074e-06
4.993e-06
5.586e-06
5.63e-06
5.372e-06
5.062e-06
5.522e-06
5.439e-06
5.524e-06
5.57e-06
5.459e-06
5.246e-06
4.828e-06
4.755e-06
4.74e-06
4.863e-06
4.91e-06
5.455e-06
6.355e-06
6.533e-06
6.195e-06
6.115e-06
5.948e-06
5.883e-06
5.928e-06
5.688e-06
6.151e-06
5.862e-06
5.656e-06
5.804e-06
5.416e-06
5.449e-06
5.731e-06
5.431e-06
5.741e-06
5.31e-06
5.571e-06
5.365e-06
5.204e-06
5.155e-06
5.185e-06
5.226e-06
5.237e-06
5.16e-06
4.802e-06
4.919e-06
4.831e-06
4.778e-06
4.434e-06
4.516e-06
4.381e-06
4.566e-06
4.504e-06
4.539e-06
4.789e-06
4.89e-06
4.746e-06
4.733e-06
4.644e-06
4.214e-06
4.455e-06
4.208e-06
4.262e-06
4.005e-06
3.97e-06
3.603e-06
3.767e-06
4.605e-06
3.994e-06
4.603e-06
4.579e-06
4.386e-06
4.249e-06
4.319e-06
4.134e-06
4.15e-06
4.067e-06
4.293e-06
4.06e-06
4.214e-06
4.242e-06
4.183e-06
4.061e-06
3.778e-06
4.188e-06
3.575e-06
3.508e-06
3.449e-06
3.286e-06
2.961e-06
3.209e-06
3.766e-06
3.297e-06
3.271e-06
3.684e-06
3.963e-06
3.858e-06
3.594e-06
3.607e-06
3.586e-06
4.091e-06
4.579e-06
4.24e-06
4.197e-06
4.297e-06
4.332e-06
4.52e-06
3.815e-06
4.301e-06
4.419e-06
4.464e-06
4.506e-06
4.52e-06
4.605e-06
4.655e-06
4.852e-06
4.759e-06
4.786e-06
4.855e-06
4.984e-06
5.03e-06
4.788e-06
4.952e-06
5.136e-06
5.21e-06
5.01e-06
5.365e-06
5.336e-06
5.564e-06
5.832e-06
5.776e-06
5.81e-06
5.824e-06
5.428e-06
5.322e-06
5.348e-06
5.047e-06
4.9e-06
4.608e-06
4.53e-06
4.48e-06
4.403e-06
4.851e-06
4.754e-06
4.962e-06
5.02e-06
5.092e-06
4.951e-06
4.676e-06
4.697e-06
4.656e-06
4.765e-06
4.962e-06
4.977e-06
4.439e-06
4.918e-06
5.424e-06
5.171e-06
5.404e-06
5.435e-06
5.565e-06
6.067e-06
6.139e-06
6.215e-06
6.244e-06
6.323e-06
6.601e-06
7.047e-06
7.518e-06
7.645e-06
7.607e-06
8.052e-06
7.962e-06
7.908e-06
8.242e-06
8.384e-06
8.016e-06
8.38e-06
8.443e-06
9.383e-06
9.174e-06
8.994e-06
8.941e-06
8.559e-06
8.521e-06
8.672e-06
8.929e-06
8.815e-06
8.449e-06
9.335e-06
9.779e-06
9.715e-06
9.616e-06
1.0613e-05
9.693e-06
9.369e-06
9.186e-06
9.541e-06
9.686e-06
1.0057e-05
1.013e-05
1.0198e-05
1.009e-05
1.0562e-05
1.0256e-05
1.0616e-05
1.0069e-05
1.0375e-05
1.0623e-05
1.0459e-05
1.0447e-05
1.0773e-05
1.1194e-05
1.122e-05
1.1077e-05
1.1305e-05
1.2057e-05
1.1973e-05
1.1817e-05
1.1905e-05
1.1799e-05
1.1942e-05
1.2135e-05
1.2165e-05
1.2912e-05
1.2577e-05
1.2727e-05
1.318e-05
1.3178e-05
1.3044e-05
1.3247e-05
1.3456e-05
1.3845e-05
1.4283e-05
1.5092e-05
1.5379e-05
1.5652e-05
1.6367e-05
1.6972e-05
1.7033e-05
1.695e-05
1.7005e-05
1.7477e-05
1.7717e-05
1.717e-05
1.7006e-05
1.7086e-05
1.7154e-05
1.7312e-05
1.7331e-05
1.8118e-05
1.7492e-05
1.7531e-05
1.7523e-05
1.7066e-05
1.6617e-05
1.6796e-05
1.6636e-05
1.7017e-05
1.6312e-05
1.6086e-05
1.696e-05
1.6947e-05
1.699e-05
1.7152e-05
1.7198e-05
1.6946e-05
1.6296e-05
1.6891e-05
1.6021e-05
1.643e-05
1.6574e-05
1.7005e-05
1.7053e-05
1.6063e-05
1.5387e-05
1.5792e-05
1.5048e-05
1.5536e-05
1.6166e-05
1.5846e-05
1.5948e-05
1.5414e-05
1.4833e-05
1.538e-05
1.522e-05
1.4944e-05
1.5026e-05
1.4665e-05
1.396e-05
1.3572e-05
1.3639e-05
1.3103e-05
1.2798e-05
1.3108e-05
1.3293e-05
1.3055e-05
1.3105e-05
1.3598e-05
1.3489e-05
1.2735e-05
1.3408e-05
1.329e-05
1.3342e-05
1.3556e-05
1.4405e-05
1.3684e-05
1.3912e-05
1.4075e-05
1.4094e-05
1.3814e-05
1.3854e-05
1.3893e-05
1.4028e-05
1.3196e-05
1.3304e-05
1.2758e-05
1.2512e-05
1.2431e-05
1.3221e-05
1.2815e-05
1.2847e-05
1.2813e-05
1.2977e-05
1.3289e-05
1.3236e-05
1.3221e-05
1.3295e-05
1.3359e-05
1.33e-05
1.3268e-05
1.3091e-05
1.4186e-05
1.4376e-05
1.4138e-05
1.4129e-05
1.411e-05
1.4265e-05
1.4426e-05
1.4101e-05
1.3794e-05
1.3129e-05
1.1872e-05
1.176e-05
1.1921e-05
1.1754e-05
1.1894e-05
1.1618e-05
1.1421e-05
1.1323e-05
1.1762e-05
1.1541e-05
1.1282e-05
1.0989e-05
1.112e-05
1.0588e-05
1.0363e-05
1.0724e-05
1.062e-05
9.858e-06
9.411e-06
8.922e-06
9.303e-06
9.285e-06
9.701e-06
9.592e-06
9.845e-06
9.954e-06
9.72e-06
9.895e-06
9.881e-06
9.87e-06
9.944e-06
9.645e-06
1.0027e-05
9.983e-06
9.882e-06
9.54e-06
8.537e-06
8.827e-06
8.621e-06
8.349e-06
8.78e-06
8.089e-06
8.311e-06
8.417e-06
8.613e-06
8.138e-06
7.948e-06
8.258e-06
8.717e-06
9.018e-06
9.184e-06
9.517e-06
9.76e-06
9.625e-06
9.377e-06
9.153e-06
8.753e-06
8.781e-06
8.845e-06
8.871e-06
8.899e-06
9.065e-06
8.748e-06
8.952e-06
9.373e-06
9.525e-06
9.347e-06
9.784e-06
9.934e-06
9.682e-06
9.807e-06
9.618e-06
9.877e-06
1.0274e-05
1.104e-05
1.0883e-05
1.0717e-05
1.108e-05
1.1448e-05
1.164e-05
1.1382e-05
1.1978e-05
1.2026e-05
1.1982e-05
1.2652e-05
1.238e-05
1.2895e-05
1.2571e-05
1.2474e-05
1.2967e-05
1.2763e-05
1.286e-05
1.1896e-05
1.2269e-05
1.3181e-05
1.2914e-05
1.3074e-05
1.3494e-05
1.3397e-05
1.3542e-05
1.3838e-05
1.3537e-05
1.2591e-05
1.1501e-05
1.0341e-05
1.0984e-05
1.1544e-05
1.1496e-05
1.1532e-05
1.1781e-05
1.1454e-05
1.1589e-05
1.1384e-05
1.0895e-05
1.1289e-05
1.1682e-05
1.1405e-05
1.1329e-05
1.1302e-05
1.1211e-05
1.0876e-05
1.0954e-05
1.0583e-05
1.0222e-05
9.782e-06
1.0115e-05
1.0047e-05
9.735e-06
9.643e-06
9.659e-06
9.736e-06
1.0045e-05
1.0125e-05
9.724e-06
1.0012e-05
9.833e-06
1.029e-05
1.0265e-05
1.0527e-05
1.0259e-05
1.0305e-05
1.077e-05
1.0742e-05
1.1493e-05
1.1567e-05
1.1357e-05
1.1553e-05
1.1297e-05
1.1246e-05
1.1595e-05
1.1915e-05
1.2217e-05
1.256e-05
1.3476e-05
1.3392e-05
1.3508e-05
1.3222e-05
1.31e-05
1.3358e-05
1.384e-05
1.3229e-05
1.3328e-05
1.3204e-05
1.2954e-05
1.3003e-05
1.2848e-05
1.2908e-05
1.2954e-05
1.2677e-05
1.3788e-05
1.3174e-05
1.3313e-05
1.3418e-05
1.3436e-05
1.3509e-05
1.3334e-05
1.3624e-05
1.4795e-05
1.4759e-05
1.5297e-05
1.5288e-05
1.5344e-05
1.5419e-05
1.5118e-05
1.5136e-05
1.5158e-05
1.5306e-05
1.5241e-05
1.5129e-05
1.5214e-05
1.5432e-05
1.4928e-05
1.4811e-05
1.4905e-05
1.4948e-05
1.5133e-05
1.4789e-05
1.5366e-05
1.4522e-05
1.4054e-05
1.4314e-05
1.4145e-05
1.4199e-05
1.4159e-05
1.4183e-05
1.4391e-05
1.4029e-05
1.422e-05
1.3476e-05
1.3261e-05
1.3224e-05
1.2707e-05
1.2808e-05
1.2185e-05
1.259e-05
1.2343e-05
1.2269e-05
1.225e-05
1.2253e-05
1.2236e-05
1.2775e-05
1.2795e-05
1.266e-05
1.2528e-05
1.2554e-05
1.1985e-05
1.1059e-05
1.0786e-05
1.1104e-05
1.1059e-05
1.1265e-05
1.1403e-05
1.1659e-05
1.2889e-05
1.2262e-05
1.2072e-05
1.2301e-05
1.3533e-05
1.341e-05
1.3435e-05
1.4594e-05
1.4618e-05
1.4504e-05
1.4287e-05
1.3803e-05
1.3438e-05
1.2757e-05
1.2899e-05
1.3073e-05
1.3827e-05
1.4095e-05
1.4452e-05
1.4102e-05
1.4028e-05
1.4127e-05
1.5761e-05
1.6061e-05
1.4858e-05
1.4713e-05
1.4658e-05
1.406e-05
1.4411e-05
1.4292e-05
1.4415e-05
1.395e-05
1.4346e-05
1.4434e-05
1.5495e-05
1.4901e-05
1.5151e-05
1.5224e-05
1.4814e-05
1.4491e-05
1.4381e-05
1.4238e-05
1.4719e-05
1.4617e-05
1.5002e-05
1.4465e-05
1.3686e-05
1.3547e-05
1.4229e-05
1.4904e-05
1.5952e-05
1.5729e-05
1.5257e-05
1.5272e-05
1.4681e-05
1.4572e-05
1.5395e-05
1.6113e-05
1.5942e-05
1.5747e-05
1.5513e-05
1.5277e-05
1.5149e-05
1.4512e-05
1.4476e-05
1.3715e-05
1.301e-05
1.2932e-05
1.3239e-05
1.3624e-05
1.3974e-05
1.438e-05
1.5318e-05
1.5026e-05
1.4535e-05
1.516e-05
1.4832e-05
1.4696e-05
1.5087e-05
1.4819e-05
1.4543e-05
1.4994e-05
1.4552e-05
1.4756e-05
1.5477e-05
1.5232e-05
1.5288e-05
1.5684e-05
1.6528e-05
1.6791e-05
1.7428e-05
1.7067e-05
1.8403e-05
1.7619e-05
1.7652e-05
1.7723e-05
1.7456e-05
1.7118e-05
1.7813e-05
1.8074e-05
1.7175e-05
1.6918e-05
1.6615e-05
1.7029e-05
1.737e-05
1.7201e-05
1.6437e-05
1.6851e-05
1.7025e-05
1.6714e-05
1.771e-05
1.6667e-05
1.7151e-05
1.7048e-05
1.7912e-05
1.7542e-05
1.7526e-05
1.7521e-05
1.7519e-05
1.7257e-05
1.7082e-05
1.7889e-05
1.7417e-05
1.6828e-05
1.7543e-05
1.7781e-05
1.748e-05
1.7406e-05
1.713e-05
1.6951e-05
1.6185e-05
1.6647e-05
1.758e-05
1.818e-05
1.8723e-05
1.9119e-05
1.9192e-05
1.9219e-05
1.9279e-05
1.9883e-05
2.1041e-05
2.0341e-05
2.0158e-05
1.982e-05
2.01e-05
1.9932e-05
2.0822e-05
2.0916e-05
2.237e-05
2.0736e-05
2.0728e-05
2.0745e-05
2.0891e-05
2.119e-05
2.1419e-05
2.0762e-05
2.0526e-05
2.0433e-05
2.1142e-05
2.0606e-05
2.0479e-05
2.0682e-05
2.0743e-05
2.0796e-05
2.0318e-05
2.2097e-05
2.1453e-05
2.0986e-05
2.1274e-05
2.1081e-05
2.112e-05
2.1456e-05
2.1439e-05
2.161e-05
2.1668e-05
2.1958e-05
2.2041e-05
2.2082e-05
2.1657e-05
2.089e-05
2.0049e-05
1.9958e-05
1.9302e-05
2.0463e-05
2.0895e-05
2.0532e-05
2.0156e-05
2.0064e-05
1.9795e-05
1.8701e-05
1.8201e-05
1.7501e-05
1.7438e-05
1.7625e-05
1.7034e-05
1.7574e-05
1.7929e-05
1.7373e-05
1.7641e-05
1.7902e-05
1.8251e-05
1.7624e-05
1.6497e-05
1.596e-05
1.618e-05
1.6348e-05
1.649e-05
1.5539e-05
1.5459e-05
1.5302e-05
1.5483e-05
1.5503e-05
1.6809e-05
1.6729e-05
1.6383e-05
1.576e-05
1.6512e-05
1.7612e-05
1.7662e-05
1.7834e-05
1.757e-05
1.6849e-05
1.6241e-05
1.6767e-05
1.6643e-05
1.6552e-05
1.6632e-05
1.6723e-05
1.6945e-05
1.6105e-05
1.6287e-05
1.6716e-05
1.7042e-05
1.7108e-05
1.6806e-05
1.7046e-05
1.6447e-05
1.6887e-05
1.7008e-05
1.7111e-05
1.7636e-05
1.7579e-05
1.7751e-05
1.7694e-05
1.7688e-05
1.785e-05
1.8121e-05
1.8222e-05
1.76e-05
1.7319e-05
1.7393e-05
1.763e-05
1.7485e-05
1.7283e-05
1.7389e-05
1.7332e-05
1.7543e-05
1.6937e-05
1.5894e-05
1.5631e-05
1.5363e-05
1.5232e-05
1.5455e-05
1.5865e-05
1.5924e-05
1.533e-05
1.427e-05
1.4172e-05
1.4561e-05
1.3906e-05
1.3846e-05
1.3496e-05
1.3319e-05
1.2944e-05
1.436e-05
1.5538e-05
1.5558e-05
1.5698e-05
1.577e-05
1.6206e-05
1.5866e-05
1.6344e-05
1.6134e-05
1.5886e-05
1.5059e-05
1.5378e-05
1.5703e-05
1.5636e-05
1.6375e-05
1.6325e-05
1.6289e-05
1.6496e-05
1.6242e-05
1.6097e-05
1.6119e-05
1.6429e-05
1.6772e-05
1.6829e-05
1.6778e-05
1.702e-05
1.6571e-05
1.6408e-05
1.6183e-05
1.5868e-05
1.6384e-05
1.6362e-05
1.6639e-05
1.6728e-05
1.6478e-05
1.661e-05
1.6857e-05
1.7444e-05
1.7664e-05
1.8326e-05
1.8244e-05
1.9101e-05
1.9059e-05
1.9441e-05
1.9639e-05
2.0117e-05
2.0351e-05
2.0483e-05
2.0219e-05
2.0283e-05
2.0671e-05
2.0207e-05
2.0576e-05
2.0855e-05
2.0952e-05
1.9612e-05
1.9591e-05
2.0695e-05
2.174e-05
2.1809e-05
2.2e-05
2.2053e-05
2.186e-05
2.2207e-05
2.2776e-05
2.124e-05
2.1368e-05
2.2156e-05
2.2015e-05
2.1797e-05
2.1756e-05
2.142e-05
2.0439e-05
1.9598e-05
1.8725e-05
1.8382e-05
1.8511e-05
1.889e-05
1.8655e-05
1.805e-05
1.8014e-05
1.8049e-05
1.8271e-05
1.8839e-05
1.896e-05
1.8787e-05
1.9036e-05
1.9483e-05
1.9149e-05
1.907e-05
1.8272e-05
1.9595e-05
1.9113e-05
1.7947e-05
1.8644e-05
1.8033e-05
1.8167e-05
1.8492e-05
1.8762e-05
1.8661e-05
1.8625e-05
1.9789e-05
2.0278e-05
2.0103e-05
2.0216e-05
2.0029e-05
2.0496e-05
2.0419e-05
2.0719e-05
2.0331e-05
2.0772e-05
1.9684e-05
1.9981e-05
1.9697e-05
1.948e-05
1.8906e-05
1.9511e-05
1.8397e-05
1.936e-05
1.8179e-05
1.7981e-05
1.8086e-05
1.8135e-05
1.845e-05
1.8369e-05
1.8743e-05
1.7767e-05
1.823e-05
1.8015e-05
1.7748e-05
1.815e-05
1.8476e-05
1.803e-05
1.7707e-05
1.7714e-05
1.8202e-05
1.8184e-05
1.7205e-05
1.8127e-05
1.8613e-05
1.8604e-05
1.9352e-05
1.8903e-05
1.8696e-05
1.8803e-05
2.0349e-05
2.0543e-05
1.9588e-05
1.9263e-05
1.9219e-05
2.0026e-05
2.0452e-05
2.0259e-05
2.0787e-05
2.0832e-05
2.0379e-05
2.1827e-05
2.2765e-05
2.2612e-05
2.2615e-05
2.2196e-05
2.2157e-05
2.1822e-05
2.1599e-05
2.2011e-05
2.3701e-05
2.3655e-05
2.3245e-05
2.2833e-05
2.3054e-05
2.2939e-05
2.3135e-05
2.1545e-05
2.0802e-05
1.9839e-05
1.9844e-05
1.9941e-05
2.179e-05
2.1538e-05
2.2139e-05
2.2136e-05
2.1323e-05
2.1667e-05
2.1737e-05
2.1566e-05
2.2923e-05
2.2555e-05
2.3117e-05
2.2902e-05
2.295e-05
2.3254e-05
2.4183e-05
2.4795e-05
2.4814e-05
2.5198e-05
2.5372e-05
2.593e-05
2.6085e-05
2.5644e-05
2.563e-05
2.5958e-05
2.5466e-05
2.4808e-05
2.5156e-05
2.5358e-05
2.5172e-05
2.6076e-05
2.618e-05
2.574e-05
2.6642e-05
2.5457e-05
2.5398e-05
2.5261e-05
2.4941e-05
2.6133e-05
2.6359e-05
2.5831e-05
2.5376e-05
2.5574e-05
2.4789e-05
2.5238e-05
2.5034e-05
2.4833e-05
2.5223e-05
2.4683e-05
2.5141e-05
2.504e-05
2.5125e-05
2.5076e-05
2.448e-05
2.4703e-05
2.4689e-05
2.4999e-05
2.6024e-05
2.5648e-05
2.6203e-05
2.7278e-05
2.6996e-05
2.7881e-05
2.7005e-05
2.6848e-05
2.6102e-05
2.5452e-05
2.5675e-05
2.5676e-05
2.5432e-05
2.5325e-05
2.5522e-05
2.6161e-05
2.5859e-05
2.5849e-05
2.5855e-05
2.5925e-05
2.5622e-05
2.6047e-05
2.6441e-05
2.6918e-05
2.6881e-05
2.6865e-05
2.6224e-05
2.7506e-05
2.6943e-05
2.7542e-05
2.6986e-05
2.7585e-05
2.7199e-05
2.6759e-05
2.6629e-05
2.6622e-05
2.6304e-05
2.604e-05
2.6323e-05
2.6743e-05
2.847e-05
2.9408e-05
2.8946e-05
3.0225e-05
3.0254e-05
2.9869e-05
3.0212e-05
3.0503e-05
3.0578e-05
3.0712e-05
3.0881e-05
3.0506e-05
3.0298e-05
3.0378e-05
2.9936e-05
2.9086e-05
2.8816e-05
2.7839e-05
2.822e-05
2.7761e-05
2.7622e-05
2.7563e-05
2.7692e-05
2.6985e-05
2.6596e-05
2.6816e-05
2.7566e-05
2.7023e-05
2.6843e-05
2.6547e-05
2.5991e-05
2.6038e-05
2.6384e-05
2.5952e-05
2.6106e-05
2.6114e-05
2.6155e-05
2.6734e-05
2.6316e-05
2.6518e-05
2.625e-05
2.6435e-05
2.6471e-05
2.6452e-05
2.6168e-05
2.5779e-05
2.5651e-05
2.5689e-05
2.5774e-05
2.577e-05
2.5951e-05
2.6037e-05
2.582e-05
2.6223e-05
2.6037e-05
2.651e-05
2.6478e-05
2.6293e-05
2.5967e-05
2.5662e-05
2.6153e-05
2.5974e-05
2.6115e-05
2.631e-05
2.6121e-05
2.5894e-05
2.6187e-05
2.5878e-05
2.5844e-05
2.4779e-05
2.518e-05
2.5208e-05
2.5533e-05
2.5362e-05
2.5342e-05
2.5194e-05
2.5261e-05
2.5112e-05
2.6627e-05
2.7142e-05
2.7246e-05
2.7372e-05
2.7785e-05
2.7694e-05
2.744e-05
2.6906e-05
2.6298e-05
2.65e-05
2.6641e-05
2.6835e-05
2.8309e-05
2.8687e-05
2.8441e-05
2.9027e-05
2.8658e-05
2.8828e-05
2.8922e-05
2.9273e-05
2.9016e-05
2.8671e-05
2.7977e-05
2.8452e-05
2.8705e-05
2.8636e-05
2.896e-05
2.8935e-05
2.9094e-05
2.8669e-05
2.8995e-05
2.8444e-05
2.8508e-05
2.882e-05
2.9167e-05
2.8674e-05
2.9812e-05
3.1156e-05
3.1495e-05
3.127e-05
3.1376e-05
3.1104e-05
3.066e-05
3.0806e-05
3.01e-05
2.9924e-05
2.9532e-05
2.9245e-05
3.0483e-05
2.9927e-05
2.9955e-05
3.1412e-05
3.1762e-05
3.1258e-05
3.16e-05
3.1299e-05
3.0435e-05
3.0351e-05
3.0571e-05
3.0815e-05
3.0763e-05
3.1064e-05
3.0905e-05
3.0244e-05
3.003e-05
2.9839e-05
2.9504e-05
2.9155e-05
2.9095e-05
2.9495e-05
2.9239e-05
2.8933e-05
2.8906e-05
2.8327e-05
2.8824e-05
2.879e-05
2.8774e-05
2.8524e-05
2.8144e-05
2.9037e-05
2.8522e-05
2.7597e-05
2.7686e-05
2.8364e-05
2.8995e-05
2.872e-05
2.8223e-05
2.9094e-05
2.8476e-05
2.8674e-05
2.8729e-05
2.9464e-05
2.9569e-05
2.9702e-05
2.9504e-05
2.865e-05
2.9625e-05
2.8276e-05
2.8886e-05
2.9108e-05
2.882e-05
2.7878e-05
2.7801e-05
2.8545e-05
2.8637e-05
2.9032e-05
2.9561e-05
2.943e-05
2.9914e-05
2.984e-05
2.9436e-05
3.0061e-05
2.896e-05
2.9338e-05
2.9356e-05
2.9273e-05
2.9334e-05
2.8334e-05
2.8642e-05
2.8907e-05
2.9579e-05
3.1704e-05
3.0727e-05
3.0596e-05
3.0543e-05
3.0118e-05
3.0902e-05
2.9537e-05
2.9993e-05
2.9808e-05
3.0427e-05
2.9657e-05
3.0056e-05
2.9589e-05
3.0802e-05
3.1511e-05
3.194e-05
3.151e-05
3.1516e-05
3.1183e-05
3.1156e-05
3.1202e-05
3.1712e-05
3.2319e-05
3.2538e-05
3.2672e-05
3.1858e-05
3.2821e-05
3.3318e-05
3.3473e-05
3.3054e-05
3.3051e-05
3.2791e-05
3.2407e-05
3.2516e-05
3.2859e-05
3.3081e-05
3.3368e-05
3.3056e-05
3.3848e-05
3.3823e-05
3.3034e-05
3.3236e-05
3.3533e-05
3.4275e-05
3.3325e-05
3.3046e-05
3.3954e-05
3.4661e-05
3.4567e-05
3.4888e-05
3.4712e-05
3.4712e-05
3.4418e-05
3.5212e-05
3.4898e-05
3.473e-05
3.482e-05
3.4811e-05
3.4928e-05
3.4837e-05
3.4886e-05
3.4915e-05
3.4956e-05
3.487e-05
3.4848e-05
3.4819e-05
3.4864e-05
3.4909e-05
3.4664e-05
3.4995e-05
3.5048e-05
3.4888e-05
3.5007e-05
3.4822e-05
3.4698e-05
3.458e-05
3.436e-05
3.432e-05
3.445e-05
3.3866e-05
3.3717e-05
3.3099e-05
3.2638e-05
3.2455e-05
3.255e-05
3.261e-05
3.2603e-05
3.2701e-05
3.2703e-05
3.2892e-05
3.2987e-05
3.2965e-05
3.3105e-05
3.258e-05
3.3154e-05
3.2608e-05
3.2811e-05
3.2705e-05
3.2301e-05
3.2912e-05
3.233e-05
3.2428e-05
3.275e-05
3.2493e-05
3.2401e-05
3.2605e-05
3.228e-05
3.2234e-05
3.2059e-05
3.2176e-05
3.2167e-05
3.2613e-05
3.2611e-05
3.2146e-05
3.2325e-05
3.2168e-05
3.2233e-05
3.229e-05
3.2448e-05
3.2292e-05
3.2716e-05
3.266e-05
3.2588e-05
3.2129e-05
3.252e-05
3.2718e-05
3.285e-05
3.2912e-05
3.252e-05
3.2957e-05
3.3072e-05
3.3236e-05
3.3011e-05
3.2718e-05
3.2428e-05
3.1923e-05
3.2489e-05
3.1403e-05
3.2092e-05
3.1826e-05
3.1681e-05
3.1791e-05
3.0595e-05
3.0577e-05
3.0673e-05
3.1276e-05
3.1203e-05
3.1495e-05
3.1916e-05
3.1535e-05
3.1767e-05
3.1785e-05
3.1533e-05
3.1253e-05
3.0722e-05
3.0445e-05
3.0072e-05
3.0378e-05
2.985e-05
3.0261e-05
3.0889e-05
2.9908e-05
3.0102e-05
2.9649e-05
2.9724e-05
2.9133e-05
2.9468e-05
2.8589e-05
2.7911e-05
2.8336e-05
2.8655e-05
2.8781e-05
2.8621e-05
2.8502e-05
2.8308e-05
2.8468e-05
2.8695e-05
2.8667e-05
2.8604e-05
2.8578e-05
2.83e-05
2.7877e-05
2.7666e-05
2.7642e-05
2.6293e-05
2.6173e-05
2.6228e-05
2.6046e-05
2.6749e-05
2.6305e-05
2.5529e-05
2.5259e-05
2.4807e-05
2.349e-05
2.3558e-05
2.3204e-05
2.3089e-05
2.3287e-05
2.3102e-05
2.2604e-05
2.2553e-05
2.1862e-05
2.0255e-05
2.0167e-05
2.0057e-05
1.9571e-05
1.9932e-05
2.0264e-05
2.1021e-05
2.148e-05
2.0801e-05
2.1065e-05
2.1895e-05
2.174e-05
2.1884e-05
2.2191e-05
2.2317e-05
2.2479e-05
2.2255e-05
2.2412e-05
2.3136e-05
2.326e-05
2.3465e-05
2.3419e-05
2.3203e-05
2.3034e-05
2.296e-05
2.2428e-05
2.3752e-05
2.3196e-05
2.3013e-05
2.2729e-05
2.1401e-05
2.1403e-05
2.0626e-05
2.0715e-05
2.0955e-05
2.1493e-05
2.1325e-05
2.0606e-05
2.0819e-05
2.0662e-05
2.0124e-05
2.0322e-05
2.0247e-05
2.0117e-05
2.0141e-05
2.0631e-05
2.0761e-05
2.1562e-05
2.1831e-05
2.1903e-05
2.1171e-05
2.0367e-05
2.0587e-05
2.1691e-05
2.1565e-05
2.1564e-05
2.2445e-05
2.2415e-05
2.2617e-05
2.2752e-05
2.3094e-05
2.2871e-05
2.3823e-05
2.3484e-05
2.4116e-05
2.4288e-05
2.5067e-05
2.4739e-05
2.4215e-05
2.3193e-05
2.3318e-05
2.3121e-05
2.3496e-05
2.3473e-05
2.3715e-05
2.3306e-05
2.4783e-05
2.4418e-05
2.4156e-05
2.4425e-05
2.4573e-05
2.4627e-05
2.4636e-05
2.4067e-05
2.4641e-05
2.4505e-05
2.3866e-05
2.4232e-05
2.3935e-05
2.4154e-05
2.4143e-05
2.4266e-05
2.3183e-05
2.3546e-05
2.3935e-05
2.3044e-05
2.2862e-05
2.2049e-05
2.2314e-05
2.2653e-05
2.3122e-05
2.326e-05
2.3848e-05
2.3953e-05
2.3059e-05
2.1911e-05
2.3062e-05
2.4505e-05
2.5061e-05
2.5745e-05
2.6969e-05
2.5522e-05
2.5403e-05
2.5275e-05
2.4918e-05
2.5727e-05
2.6393e-05
2.6822e-05
2.6122e-05
2.6295e-05
2.5991e-05
2.5694e-05
2.4887e-05
2.5449e-05
2.5421e-05
2.547e-05
2.562e-05
2.6176e-05
2.545e-05
2.568e-05
2.5196e-05
2.5377e-05
2.4671e-05
2.4756e-05
2.5084e-05
2.4844e-05
2.472e-05
2.4983e-05
2.4747e-05
2.492e-05
2.544e-05
2.6009e-05
2.4384e-05
2.4544e-05
2.4454e-05
2.4106e-05
2.4341e-05
2.4613e-05
2.399e-05
2.3788e-05
2.4657e-05
2.4315e-05
2.4179e-05
2.436e-05
2.4793e-05
2.5373e-05
2.5725e-05
2.589e-05
2.5359e-05
2.5583e-05
2.6026e-05
2.4614e-05
2.3978e-05
2.276e-05
2.3163e-05
2.2666e-05
2.1848e-05
2.2133e-05
2.2109e-05
2.1674e-05
2.2164e-05
2.1731e-05
2.1665e-05
2.2447e-05
2.2285e-05
2.2587e-05
2.2374e-05
2.2904e-05
2.2215e-05
2.1846e-05
2.0812e-05
2.0939e-05
2.1142e-05
2.1237e-05
2.0803e-05
2.0915e-05
1.9877e-05
1.9654e-05
2.008e-05
1.9521e-05
1.9788e-05
1.9381e-05
2.0254e-05
2.0837e-05
2.2317e-05
2.2568e-05
2.2371e-05
2.1918e-05
2.06e-05
2.0147e-05
1.9912e-05
1.9585e-05
1.9813e-05
2.0056e-05
2.0568e-05
2.063e-05
2.0388e-05
2.079e-05
1.9155e-05
1.8954e-05
1.9253e-05
2.0159e-05
2.0863e-05
2.1403e-05
2.16e-05
2.159e-05
2.1615e-05
2.1182e-05
2.0697e-05
2.0168e-05
2.0484e-05
2.0824e-05
2.047e-05
2.0145e-05
2.023e-05
2.0437e-05
2e-05
1.9926e-05
2.0015e-05
1.9602e-05
1.9439e-05
1.9345e-05
1.9631e-05
2.0535e-05
2.0537e-05
2.1003e-05
2.1149e-05
2.1051e-05
2.1456e-05
2.1269e-05
2.1685e-05
2.1264e-05
2.1642e-05
2.1244e-05
2.1351e-05
2.1633e-05
2.1205e-05
2.2251e-05
2.2499e-05
2.242e-05
2.2223e-05
2.2353e-05
2.1725e-05
2.119e-05
2.1285e-05
1.9675e-05
1.9155e-05
1.958e-05
1.9268e-05
1.9572e-05
1.9465e-05
1.9617e-05
2.0209e-05
1.9819e-05
1.9599e-05
1.9161e-05
1.8222e-05
1.824e-05
1.8745e-05
1.9495e-05
1.8844e-05
1.7632e-05
1.7665e-05
1.795e-05
1.8388e-05
1.7786e-05
1.8379e-05
1.7255e-05
1.7778e-05
1.6952e-05
1.7084e-05
1.6545e-05
1.7163e-05
1.5845e-05
1.6173e-05
1.67e-05
1.6303e-05
1.7297e-05
1.8079e-05
1.8024e-05
1.803e-05
1.7975e-05
1.8743e-05
1.9789e-05
1.9702e-05
1.9609e-05
1.929e-05
1.8339e-05
1.9004e-05
1.9232e-05
1.9367e-05
1.9962e-05
1.9809e-05
2.0663e-05
1.988e-05
2.0281e-05
2.0438e-05
2.0911e-05
2.0094e-05
2.0168e-05
2.0013e-05
1.929e-05
1.8663e-05
1.9549e-05
1.8776e-05
1.9306e-05
1.9009e-05
1.9622e-05
2.0696e-05
2.0786e-05
2.1225e-05
2.0335e-05
2.004e-05
1.9548e-05
2.0197e-05
1.9953e-05
1.8537e-05
1.9204e-05
1.8297e-05
1.7931e-05
1.7871e-05
1.8353e-05
1.8931e-05
1.8538e-05
1.8941e-05
1.9256e-05
1.8936e-05
1.8842e-05
1.906e-05
1.9448e-05
1.9935e-05
1.9909e-05
1.9244e-05
1.9127e-05
1.8487e-05
1.8296e-05
1.8822e-05
1.9157e-05
1.8806e-05
1.8594e-05
1.8512e-05
1.8959e-05
2.002e-05
2.0127e-05
2.0484e-05
2.0901e-05
2.1034e-05
2.1736e-05
2.1366e-05
2.1252e-05
2.0964e-05
2.1454e-05
2.2017e-05
2.1597e-05
2.16e-05
2.2503e-05
2.2922e-05
2.2346e-05
2.2487e-05
2.296e-05
2.2654e-05
2.3345e-05
2.4583e-05
2.5194e-05
2.5633e-05
2.5068e-05
2.5064e-05
2.5002e-05
2.5e-05
2.5185e-05
2.4962e-05
2.4001e-05
2.4607e-05
2.4143e-05
2.409e-05
2.4053e-05
2.3997e-05
2.299e-05
2.4065e-05
2.3597e-05
2.484e-05
2.5188e-05
2.5766e-05
2.6378e-05
2.6451e-05
2.6149e-05
2.8105e-05
2.8148e-05
2.7268e-05
2.6956e-05
2.7758e-05
2.8764e-05
2.857e-05
2.8209e-05
2.7784e-05
2.7761e-05
2.7945e-05
2.7387e-05
2.737e-05
2.7443e-05
2.6948e-05
2.7409e-05
2.7298e-05
2.6942e-05
2.7191e-05
2.5966e-05
2.6413e-05
2.6662e-05
2.6705e-05
2.7317e-05
2.7913e-05
2.8199e-05
2.7631e-05
2.793e-05
2.7689e-05
2.8107e-05
2.799e-05
2.7984e-05
2.7713e-05
2.5573e-05
2.5429e-05
2.5541e-05
2.4972e-05
2.5402e-05
2.52e-05
2.4277e-05
2.5104e-05
2.4919e-05
2.4137e-05
2.3805e-05
2.3172e-05
2.3081e-05
2.3362e-05
2.3399e-05
2.3603e-05
2.3349e-05
2.3561e-05
2.3601e-05
2.2463e-05
2.2483e-05
2.2531e-05
2.2996e-05
2.1616e-05
2.1798e-05
2.1325e-05
2.0989e-05
2.1409e-05
2.1245e-05
2.087e-05
2.1006e-05
2.1118e-05
2.0659e-05
2.0927e-05
2.0519e-05
2.0527e-05
2.041e-05
2.0911e-05
2.0616e-05
2.0786e-05
2.0444e-05
2.0739e-05
2.0806e-05
2.0732e-05
2.0063e-05
2.1199e-05
2.0949e-05
2.0819e-05
2.1679e-05
2.1996e-05
2.1967e-05
2.193e-05
2.2429e-05
2.1828e-05
2.2213e-05
2.2321e-05
2.2687e-05
2.2869e-05
2.2585e-05
2.2351e-05
2.2059e-05
2.1469e-05
2.1402e-05
2.127e-05
2.0988e-05
2.143e-05
2.1184e-05
2.0811e-05
2.1215e-05
2.1214e-05
2.1209e-05
2.1334e-05
2.1263e-05
2.1461e-05
2.1803e-05
2.2307e-05
2.2657e-05
2.3372e-05
2.3167e-05
2.2466e-05
2.1973e-05
2.1698e-05
2.1473e-05
2.1347e-05
2.1883e-05
2.1996e-05
2.2273e-05
2.205e-05
2.2191e-05
2.2547e-05
2.2547e-05
2.2524e-05
2.2414e-05
2.2166e-05
2.2287e-05
2.2185e-05
2.2337e-05
2.2989e-05
2.3654e-05
2.3878e-05
2.4618e-05
2.4387e-05
2.3646e-05
2.4004e-05
2.3992e-05
2.4359e-05
2.5263e-05
2.5257e-05
2.4807e-05
2.4862e-05
2.5064e-05
2.5298e-05
2.5209e-05
2.5729e-05
2.5454e-05
2.5842e-05
2.6206e-05
2.6457e-05
2.6217e-05
2.6464e-05
2.5128e-05
2.6364e-05
2.5944e-05
2.6393e-05
2.6541e-05
2.6515e-05
2.7284e-05
2.7128e-05
2.7041e-05
2.7827e-05
2.7882e-05
2.7713e-05
2.7959e-05
2.7592e-05
2.7237e-05
2.7551e-05
2.7376e-05
2.7065e-05
2.7687e-05
2.8596e-05
2.863e-05
2.9618e-05
2.9689e-05
2.9046e-05
2.9103e-05
2.9465e-05
2.9575e-05
2.9204e-05
2.9342e-05
2.8809e-05
2.8065e-05
2.8029e-05
2.7233e-05
2.7748e-05
2.7763e-05
2.7603e-05
2.721e-05
2.7209e-05
2.6664e-05
2.662e-05
2.6572e-05
2.6768e-05
2.647e-05
2.6967e-05
2.7842e-05
2.8061e-05
2.8943e-05
2.8833e-05
2.8882e-05
2.8034e-05
2.7634e-05
2.7156e-05
2.7512e-05
2.819e-05
2.9136e-05
3.0192e-05
3.0447e-05
3.0354e-05
3.0156e-05
3.0103e-05
3.0169e-05
2.952e-05
2.8933e-05
2.8372e-05
2.8013e-05
2.8038e-05
2.7803e-05
2.7638e-05
2.7277e-05
2.7325e-05
2.722e-05
2.8354e-05
2.7689e-05
2.79e-05
2.6029e-05
2.6171e-05
2.6209e-05
2.6412e-05
2.5987e-05
2.6345e-05
2.6245e-05
2.6503e-05
2.6384e-05
2.6057e-05
2.585e-05
2.587e-05
2.6575e-05
2.732e-05
2.6018e-05
2.5988e-05
2.581e-05
2.5805e-05
2.6011e-05
2.668e-05
2.5965e-05
2.665e-05
2.5972e-05
2.5937e-05
2.5856e-05
2.6186e-05
2.6253e-05
2.5419e-05
2.4616e-05
2.4955e-05
2.2269e-05
2.3162e-05
2.2416e-05
2.2322e-05
2.2149e-05
2.2312e-05
2.2341e-05
2.2374e-05
2.0926e-05
2.0597e-05
2.0619e-05
2.0495e-05
2.0752e-05
2.0955e-05
2.0997e-05
2.0367e-05
2.0228e-05
2.0459e-05
2.0447e-05
2.033e-05
2.0267e-05
2.0309e-05
2.0164e-05
2.0591e-05
2.0317e-05
2.1143e-05
2.1281e-05
2.0504e-05
2.026e-05
2.0356e-05
2.0306e-05
2.026e-05
2.0202e-05
2.0456e-05
2.0618e-05
2.0417e-05
2.0796e-05
1.9267e-05
1.8829e-05
1.8588e-05
1.837e-05
1.8477e-05
1.8174e-05
1.8215e-05
1.8862e-05
1.8695e-05
1.8333e-05
1.9114e-05
1.9215e-05
1.9322e-05
2.0032e-05
2.0519e-05
2.0108e-05
1.9999e-05
1.9866e-05
1.967e-05
1.974e-05
1.9751e-05
1.9944e-05
2.0079e-05
2.0256e-05
2.0944e-05
2.0834e-05
2.177e-05
2.1328e-05
2.2157e-05
2.1777e-05
2.2376e-05
2.2544e-05
2.2642e-05
2.272e-05
2.244e-05
2.2648e-05
2.2614e-05
2.3019e-05
2.2485e-05
2.2527e-05
2.2152e-05
2.1526e-05
2.1684e-05
2.1692e-05
2.1702e-05
2.2475e-05
2.1821e-05
2.2013e-05
2.1799e-05
2.2859e-05
2.4553e-05
2.4757e-05
2.6379e-05
2.5749e-05
2.5815e-05
2.5882e-05
2.5765e-05
2.5584e-05
2.5699e-05
2.5668e-05
2.5844e-05
2.493e-05
2.524e-05
2.3992e-05
2.447e-05
2.4605e-05
2.4601e-05
2.4706e-05
2.5165e-05
2.5478e-05
2.5636e-05
2.5839e-05
2.5867e-05
2.6024e-05
2.5479e-05
2.4456e-05
2.4972e-05
2.4989e-05
2.5011e-05
2.545e-05
2.6306e-05
2.6706e-05
2.7519e-05
2.8686e-05
2.8649e-05
3.0223e-05
3.0844e-05
2.9691e-05
2.8743e-05
2.8555e-05
2.832e-05
2.8031e-05
2.783e-05
2.6888e-05
2.57e-05
2.5058e-05
2.4581e-05
2.4552e-05
2.5086e-05
2.5175e-05
2.5268e-05
2.5812e-05
2.7364e-05
2.5354e-05
2.6421e-05
2.5538e-05
2.4692e-05
2.4986e-05
2.6061e-05
2.5675e-05
2.619e-05
2.6892e-05
2.7231e-05
2.6181e-05
2.546e-05
2.5628e-05
2.4782e-05
2.478e-05
2.4284e-05
2.447e-05
2.5481e-05
2.5894e-05
2.6937e-05
2.8069e-05
2.7073e-05
2.7096e-05
2.6783e-05
2.6426e-05
2.5741e-05
2.7175e-05
2.6927e-05
2.5181e-05
2.4449e-05
2.4758e-05
2.5314e-05
2.4804e-05
2.4706e-05
2.5157e-05
2.5432e-05
2.5175e-05
2.5843e-05
2.6419e-05
2.624e-05
2.6149e-05
2.623e-05
2.5509e-05
2.5728e-05
2.57e-05
2.5081e-05
2.5878e-05
2.6119e-05
2.5835e-05
2.589e-05
2.5379e-05
2.5695e-05
2.6472e-05
2.6406e-05
2.652e-05
2.6494e-05
2.7622e-05
2.7806e-05
2.6695e-05
2.6016e-05
2.5372e-05
2.4275e-05
2.3307e-05
2.5738e-05
2.6898e-05
2.7012e-05
2.6649e-05
2.7179e-05
2.7233e-05
2.7268e-05
2.7306e-05
2.624e-05
2.7089e-05
2.7376e-05
2.8131e-05
2.7637e-05
2.7343e-05
2.7428e-05
2.6532e-05
2.6573e-05
2.6871e-05
2.7002e-05
2.7161e-05
2.7973e-05
2.8733e-05
2.8531e-05
2.8856e-05
2.9829e-05
2.9526e-05
2.9501e-05
2.8968e-05
2.9062e-05
3.0332e-05
3.0899e-05
3.0177e-05
3.002e-05
3.0169e-05
2.9942e-05
2.9897e-05
2.9812e-05
2.9549e-05
2.9736e-05
2.9789e-05
2.9206e-05
2.9365e-05
2.8638e-05
2.8975e-05
2.8813e-05
2.7612e-05
2.7268e-05
2.6641e-05
2.6596e-05
2.6404e-05
2.6467e-05
2.7482e-05
2.7279e-05
2.7308e-05
2.7822e-05
2.7596e-05
2.8625e-05
2.9014e-05
2.9883e-05
3.0213e-05
2.871e-05
2.8019e-05
2.7656e-05
2.7829e-05
2.7444e-05
2.7128e-05
2.7625e-05
2.7636e-05
2.7322e-05
2.8133e-05
2.8529e-05
2.8031e-05
2.7916e-05
2.6916e-05
2.6728e-05
2.6603e-05
2.6553e-05
2.6861e-05
2.7776e-05
2.7689e-05
2.7834e-05
2.7998e-05
2.7605e-05
2.8868e-05
2.9733e-05
2.9162e-05
2.6849e-05
2.8437e-05
2.967e-05
2.9836e-05
3.0358e-05
3.021e-05
3.0174e-05
3.1421e-05
3.2156e-05
3.0837e-05
3.0603e-05
3.2061e-05
3.4148e-05
3.3784e-05
3.4301e-05
3.3965e-05
3.4324e-05
3.3747e-05
3.1534e-05
3.2022e-05
3.256e-05
3.2439e-05
3.2518e-05
3.2426e-05
3.3437e-05
3.3494e-05
3.393e-05
3.3703e-05
3.3633e-05
3.3757e-05
3.3756e-05
3.37e-05
3.3403e-05
3.3506e-05
3.3673e-05
3.3866e-05
3.4129e-05
3.4017e-05
3.4206e-05
3.4208e-05
3.423e-05
3.4094e-05
3.5705e-05
3.526e-05
3.3358e-05
3.3691e-05
3.3118e-05
3.2833e-05
3.3519e-05
3.2944e-05
3.3271e-05
3.3488e-05
3.3602e-05
3.3394e-05
3.3595e-05
3.3789e-05
3.4081e-05
3.3755e-05
3.3926e-05
3.3026e-05
3.3044e-05
3.2455e-05
3.1946e-05
3.1422e-05
3.1598e-05
3.115e-05
2.94e-05
2.9838e-05
2.9806e-05
2.986e-05
2.9977e-05
2.9925e-05
2.9487e-05
3.0319e-05
2.9785e-05
2.976e-05
2.9764e-05
2.9088e-05
2.9936e-05
2.9747e-05
2.8832e-05
2.8166e-05
2.7774e-05
2.7812e-05
2.7922e-05
2.7257e-05
2.7045e-05
2.761e-05
2.6956e-05
2.663e-05
2.6859e-05
2.6416e-05
2.7576e-05
2.7118e-05
2.6942e-05
2.697e-05
2.7251e-05
2.6159e-05
2.6471e-05
2.5783e-05
2.5251e-05
2.508e-05
2.455e-05
2.5361e-05
2.488e-05
2.5476e-05
2.476e-05
2.4522e-05
2.4595e-05
2.4007e-05
2.4203e-05
2.4807e-05
2.4479e-05
2.4948e-05
2.5101e-05
2.5224e-05
2.5127e-05
2.4428e-05
2.4413e-05
2.4444e-05
2.5628e-05
2.5206e-05
2.4498e-05
2.4961e-05
2.4687e-05
2.4977e-05
2.5792e-05
2.6026e-05
2.5844e-05
2.6265e-05
2.5818e-05
2.5215e-05
2.4115e-05
2.3499e-05
2.2954e-05
2.3595e-05
2.3109e-05
2.2857e-05
2.2314e-05
2.0623e-05
2.0411e-05
1.9861e-05
1.9775e-05
2.0212e-05
2.0137e-05
2.1277e-05
2.1208e-05
2.1544e-05
2.1735e-05
2.1604e-05
2.1298e-05
2.1288e-05
2.0908e-05
2.2493e-05
2.3779e-05
2.4937e-05
2.6641e-05
2.5283e-05
2.5375e-05
2.4475e-05
2.4757e-05
2.4725e-05
2.3931e-05
2.4438e-05
2.6209e-05
2.6563e-05
2.6195e-05
2.6787e-05
2.5789e-05
2.6289e-05
2.6429e-05
2.6449e-05
2.7706e-05
2.6936e-05
2.7862e-05
2.8107e-05
2.8495e-05
2.8578e-05
2.8506e-05
2.7304e-05
2.8861e-05
2.9533e-05
3.0252e-05
3.1436e-05
3.1068e-05
3.0036e-05
3.039e-05
3.0761e-05
3.051e-05
3.0556e-05
3.0289e-05
2.9838e-05
2.9271e-05
2.8967e-05
2.9868e-05
2.9314e-05
2.9073e-05
2.8425e-05
2.8381e-05
2.8575e-05
2.8919e-05
2.841e-05
2.9521e-05
2.8179e-05
2.8003e-05
2.8012e-05
2.5917e-05
2.6128e-05
2.6134e-05
2.6212e-05
2.5882e-05
2.5476e-05
2.5465e-05
2.5988e-05
2.579e-05
2.5769e-05
2.5892e-05
2.6889e-05
2.6602e-05
2.7014e-05
2.631e-05
2.7336e-05
2.7587e-05
2.7135e-05
2.7351e-05
2.6881e-05
2.7016e-05
2.6867e-05
2.7604e-05
2.7056e-05
2.788e-05
2.7685e-05
2.7758e-05
2.7153e-05
2.7605e-05
2.7918e-05
2.7555e-05
2.8789e-05
2.883e-05
2.8234e-05
2.7586e-05
2.8136e-05
2.9124e-05
2.9281e-05
2.9547e-05
3.1002e-05
3.0704e-05
3.0307e-05
3.046e-05
3.0979e-05
3.2029e-05
3.1123e-05
3.1855e-05
3.2431e-05
3.3248e-05
3.3815e-05
3.4287e-05
3.3401e-05
3.4845e-05
3.5392e-05
3.582e-05
3.5837e-05
3.4669e-05
3.5078e-05
3.5713e-05
3.5478e-05
3.5003e-05
3.3383e-05
3.3751e-05
3.2854e-05
3.306e-05
3.2741e-05
3.2304e-05
3.3043e-05
3.1862e-05
3.3026e-05
3.4074e-05
3.2968e-05
3.2848e-05
3.2887e-05
3.3451e-05
3.3896e-05
3.2985e-05
3.2925e-05
3.1352e-05
3.0335e-05
3.0256e-05
3.1099e-05
3.1282e-05
3.1478e-05
3.1557e-05
3.0686e-05
3.0548e-05
3.138e-05
3.1192e-05
3.0396e-05
3.0902e-05
3.1322e-05
3.1551e-05
3.0817e-05
3.1463e-05
3.1956e-05
3.0135e-05
3.0408e-05
3.0949e-05
3.1637e-05
3.203e-05
3.2103e-05
3.2638e-05
3.2467e-05
3.1892e-05
3.2253e-05
3.4749e-05
3.5549e-05
3.5483e-05
3.4791e-05
3.4901e-05
3.5517e-05
3.4963e-05
3.3979e-05
3.3368e-05
3.2785e-05
3.3306e-05
3.1943e-05
3.2361e-05
3.2508e-05
3.2441e-05
3.2554e-05
3.2215e-05
3.2811e-05
3.2738e-05
3.4826e-05
3.5347e-05
3.5954e-05
3.6092e-05
3.5941e-05
3.61e-05
3.669e-05
3.6855e-05
3.6269e-05
3.6233e-05
3.5799e-05
3.5534e-05
3.5366e-05
3.4877e-05
3.5872e-05
3.4556e-05
3.3263e-05
3.1941e-05
3.2541e-05
3.2335e-05
3.1402e-05
3.0642e-05
3.2528e-05
3.4628e-05
3.4303e-05
3.5291e-05
3.4451e-05
3.358e-05
3.3239e-05
3.3109e-05
3.3531e-05
3.3101e-05
3.3014e-05
3.2017e-05
3.2502e-05
3.3076e-05
3.1449e-05
3.1688e-05
3.1327e-05
3.09e-05
3.038e-05
3.2041e-05
3.1249e-05
3.138e-05
3.0995e-05
3.1101e-05
3.0911e-05
3.1298e-05
3.0851e-05
3.0467e-05
2.9744e-05
3.0143e-05
2.969e-05
3.04e-05
2.9698e-05
2.9452e-05
2.8876e-05
2.8411e-05
2.9497e-05
2.9433e-05
2.9695e-05
2.9358e-05
3.0548e-05
3.1148e-05
3.0996e-05
3.0888e-05
3.0299e-05
2.9978e-05
3.0103e-05
2.964e-05
2.8871e-05
2.8672e-05
2.8737e-05
2.7975e-05
2.7382e-05
2.7812e-05
2.7283e-05
2.5982e-05
2.677e-05
2.6705e-05
2.6132e-05
2.6589e-05
2.683e-05
2.6801e-05
2.4978e-05
2.4584e-05
2.4491e-05
2.4924e-05
2.4553e-05
2.5072e-05
2.5421e-05
2.5365e-05
2.452e-05
2.4108e-05
2.4826e-05
2.451e-05
2.5014e-05
2.4961e-05
2.5414e-05
2.5499e-05
2.5626e-05
2.4627e-05
2.4105e-05
2.5049e-05
2.4868e-05
2.4593e-05
2.4289e-05
2.4123e-05
2.4096e-05
2.4216e-05
2.4064e-05
2.4226e-05
2.4357e-05
2.3998e-05
2.4206e-05
2.4133e-05
2.3972e-05
2.3417e-05
2.3694e-05
2.3857e-05
2.3644e-05
2.3676e-05
2.4129e-05
2.4299e-05
2.4214e-05
2.3656e-05
2.3649e-05
2.4406e-05
2.4789e-05
2.4087e-05
2.4948e-05
2.5056e-05
2.5218e-05
2.4626e-05
2.4964e-05
2.4587e-05
2.4462e-05
2.4778e-05
2.547e-05
2.5191e-05
2.5186e-05
2.4647e-05
2.4783e-05
2.4465e-05
2.4318e-05
2.5404e-05
2.4962e-05
2.495e-05
2.4806e-05
2.4961e-05
2.5193e-05
2.4692e-05
2.4776e-05
2.5558e-05
2.5149e-05
2.4795e-05
2.4858e-05
2.4983e-05
2.5042e-05
2.6256e-05
2.5518e-05
2.5363e-05
2.4977e-05
2.484e-05
2.4461e-05
2.4528e-05
2.4738e-05
2.4018e-05
2.3622e-05
2.3398e-05
2.341e-05
2.348e-05
2.3393e-05
2.3504e-05
2.3821e-05
2.4088e-05
2.3829e-05
2.4394e-05
2.4807e-05
2.569e-05
2.5681e-05
2.5534e-05
2.5626e-05
2.5998e-05
2.6254e-05
2.6018e-05
2.6694e-05
2.6038e-05
2.581e-05
2.543e-05
2.4995e-05
2.4912e-05
2.4749e-05
2.4821e-05
2.5748e-05
2.5409e-05
2.5397e-05
2.5396e-05
2.5406e-05
2.5413e-05
2.5335e-05
2.5455e-05
2.5268e-05
2.4991e-05
2.4995e-05
2.4989e-05
2.503e-05
2.5092e-05
2.4997e-05
2.493e-05
2.4772e-05
2.5137e-05
2.5123e-05
2.5234e-05
2.4989e-05
2.5086e-05
2.5235e-05
2.468e-05
2.4637e-05
2.3834e-05
2.404e-05
2.4794e-05
2.5003e-05
2.4889e-05
2.4005e-05
2.3748e-05
2.3851e-05
2.3769e-05
2.4129e-05
2.4066e-05
2.4046e-05
2.4089e-05
2.4412e-05
2.451e-05
2.4312e-05
2.4588e-05
2.457e-05
2.447e-05
2.5012e-05
2.5375e-05
2.5182e-05
2.605e-05
2.6147e-05
2.5073e-05
2.5197e-05
2.503e-05
2.5447e-05
2.4659e-05
2.4458e-05
2.4527e-05
2.5102e-05
2.4673e-05
2.4392e-05
2.4659e-05
2.435e-05
2.506e-05
2.5443e-05
2.5805e-05
2.6008e-05
2.5404e-05
2.586e-05
2.5826e-05
2.4752e-05
2.5285e-05
2.5409e-05
2.5161e-05
2.5375e-05
2.5515e-05
2.5099e-05
2.5293e-05
2.5543e-05
2.5416e-05
2.5727e-05
2.6035e-05
2.5619e-05
2.4921e-05
2.51e-05
2.442e-05
2.3722e-05
2.3776e-05
2.3786e-05
2.3809e-05
2.4154e-05
2.4354e-05
2.4459e-05
2.4483e-05
2.3823e-05
2.3679e-05
2.3297e-05
2.3719e-05
2.3732e-05
2.2612e-05
2.2102e-05
2.1783e-05
2.154e-05
2.1564e-05
2.1298e-05
2.1317e-05
2.1431e-05
2.1588e-05
2.1402e-05
2.1663e-05
2.1661e-05
2.1969e-05
2.2039e-05
2.1305e-05
2.1731e-05
2.1554e-05
2.0962e-05
2.1373e-05
2.1227e-05
2.139e-05
2.1036e-05
2.0686e-05
2.0757e-05
2.0975e-05
2.1004e-05
2.1148e-05
2.1856e-05
2.1654e-05
2.1815e-05
2.1642e-05
2.17e-05
2.2021e-05
2.1904e-05
2.2272e-05
2.2628e-05
2.2133e-05
2.2389e-05
2.2034e-05
2.2362e-05
2.2268e-05
2.2223e-05
2.2617e-05
2.308e-05
2.3188e-05
2.3079e-05
2.2973e-05
2.3139e-05
2.3262e-05
2.3137e-05
2.2956e-05
2.3099e-05
2.2663e-05
2.2606e-05
2.2874e-05
2.3492e-05
2.2817e-05
2.338e-05
2.3123e-05
2.3313e-05
2.3332e-05
2.3805e-05
2.4292e-05
2.3411e-05
2.3315e-05
2.3762e-05
2.3613e-05
2.3402e-05
2.334e-05
2.4302e-05
2.4687e-05
2.4949e-05
2.5131e-05
2.4324e-05
2.339e-05
2.2984e-05
2.3014e-05
2.2953e-05
2.3033e-05
2.3058e-05
2.3258e-05
2.3532e-05
2.3552e-05
2.3509e-05
2.3062e-05
2.3268e-05
2.3342e-05
2.3417e-05
2.3566e-05
2.3915e-05
2.3741e-05
2.3593e-05
2.343e-05
2.3744e-05
2.3464e-05
2.3315e-05
2.3084e-05
2.3163e-05
2.3251e-05
2.2408e-05
2.2668e-05
2.153e-05
2.1316e-05
2.1466e-05
2.1687e-05
2.2028e-05
2.1887e-05
2.1636e-05
2.2139e-05
2.1845e-05
2.1794e-05
2.1782e-05
2.1596e-05
2.1514e-05
2.1009e-05
2.1653e-05
2.1662e-05
2.1726e-05
2.1892e-05
2.1958e-05
2.1933e-05
2.1603e-05
2.1759e-05
2.1138e-05
2.1635e-05
2.1393e-05
2.1709e-05
2.1566e-05
2.176e-05
2.2673e-05
2.3389e-05
2.3207e-05
2.2936e-05
2.2999e-05
2.2963e-05
2.2806e-05
2.2625e-05
2.2812e-05
2.2868e-05
2.2739e-05
2.2185e-05
2.1786e-05
2.2377e-05
2.2284e-05
2.2604e-05
2.1951e-05
2.1437e-05
2.1285e-05
2.1116e-05
2.08e-05
2.083e-05
2.086e-05
2.0746e-05
2.1365e-05
2.1488e-05
2.1206e-05
2.1043e-05
2.1106e-05
2.0605e-05
2.0149e-05
2.0957e-05
2.0765e-05
2.0577e-05
2.0787e-05
2.0743e-05
2.1802e-05
2.196e-05
2.1647e-05
2.1212e-05
2.0408e-05
1.9846e-05
1.99e-05
1.9668e-05
1.893e-05
1.9521e-05
1.9569e-05
1.9292e-05
1.8674e-05
1.8587e-05
1.7182e-05
1.7463e-05
1.7521e-05
1.7876e-05
1.692e-05
1.707e-05
1.6889e-05
1.6961e-05
1.6897e-05
1.6782e-05
1.7069e-05
1.6915e-05
1.7385e-05
1.6823e-05
1.6535e-05
1.6069e-05
1.6666e-05
1.6331e-05
1.6704e-05
1.5989e-05
1.6208e-05
1.6299e-05
1.6188e-05
1.6251e-05
1.5317e-05
1.5992e-05
1.7064e-05
1.5946e-05
1.5763e-05
1.5517e-05
1.553e-05
1.5651e-05
1.5632e-05
1.554e-05
1.484e-05
1.4704e-05
1.5037e-05
1.4879e-05
1.5063e-05
1.5363e-05
1.5814e-05
1.5878e-05
1.5768e-05
1.5538e-05
1.5158e-05
1.5101e-05
1.4692e-05
1.4674e-05
1.5188e-05
1.5337e-05
1.5162e-05
1.5077e-05
1.5441e-05
1.5155e-05
1.465e-05
1.442e-05
1.4565e-05
1.4816e-05
1.4872e-05
1.5232e-05
1.5165e-05
1.5235e-05
1.5283e-05
1.6683e-05
1.7019e-05
1.6811e-05
1.7227e-05
1.7014e-05
1.6441e-05
1.6438e-05
1.7041e-05
1.7153e-05
1.7203e-05
1.706e-05
1.7409e-05
1.7244e-05
1.7231e-05
1.6721e-05
1.7346e-05
1.7083e-05
1.6864e-05
1.7165e-05
1.6133e-05
1.5993e-05
1.5783e-05
1.5803e-05
1.5896e-05
1.6043e-05
1.6319e-05
1.603e-05
1.6092e-05
1.5703e-05
1.534e-05
1.4862e-05
1.5025e-05
1.5504e-05
1.6132e-05
1.5577e-05
1.5405e-05
1.5186e-05
1.5858e-05
1.6705e-05
1.6538e-05
1.6739e-05
1.7312e-05
1.6854e-05
1.7785e-05
1.7426e-05
1.7487e-05
1.7432e-05
1.7239e-05
1.7576e-05
1.7703e-05
1.7385e-05
1.771e-05
1.7661e-05
1.7624e-05
1.7199e-05
1.7195e-05
1.6714e-05
1.6628e-05
1.7263e-05
1.7423e-05
1.766e-05
1.7602e-05
1.7522e-05
1.7393e-05
1.6765e-05
1.6979e-05
1.7016e-05
1.7147e-05
1.6763e-05
1.7044e-05
1.6329e-05
1.6524e-05
1.7158e-05
1.6511e-05
1.6e-05
1.5346e-05
1.5857e-05
1.5725e-05
1.5035e-05
1.4594e-05
1.4739e-05
1.4761e-05
1.4798e-05
1.4946e-05
1.487e-05
1.5231e-05
1.4888e-05
1.4999e-05
1.5259e-05
1.5272e-05
1.5085e-05
1.5168e-05
1.4931e-05
1.4936e-05
1.5439e-05
1.5859e-05
1.5348e-05
1.5321e-05
1.543e-05
1.5964e-05
1.5991e-05
1.6028e-05
1.5976e-05
1.6288e-05
1.5876e-05
1.4827e-05
1.4673e-05
1.4974e-05
1.5069e-05
1.5662e-05
1.4251e-05
1.4296e-05
1.415e-05
1.4136e-05
1.4424e-05
1.418e-05
1.4116e-05
1.4349e-05
1.4236e-05
1.4257e-05
1.4629e-05
1.4275e-05
1.4395e-05
1.4559e-05
1.4803e-05
1.4645e-05
1.4195e-05
1.3955e-05
1.3012e-05
1.2441e-05
1.2425e-05
1.2712e-05
1.2531e-05
1.2287e-05
1.2443e-05
1.2281e-05
1.2141e-05
1.2064e-05
1.2142e-05
1.1907e-05
1.1452e-05
1.1165e-05
1.0836e-05
1.1227e-05
1.0978e-05
1.0763e-05
1.0818e-05
1.0961e-05
1.0968e-05
1.053e-05
1.0746e-05
1.078e-05
1.0598e-05
1.0921e-05
1.1209e-05
1.1122e-05
1.1221e-05
1.0985e-05
1.0653e-05
1.069e-05
1.1126e-05
1.1707e-05
1.1943e-05
1.1747e-05
1.1294e-05
1.1482e-05
1.1339e-05
1.1342e-05
1.1287e-05
1.0985e-05
1.095e-05
1.052e-05
1.0177e-05
1.0396e-05
1.0296e-05
1.0401e-05
1.0575e-05
1.04e-05
1.0441e-05
1.0049e-05
9.68e-06
9.533e-06
9.39e-06
9.76e-06
9.959e-06
1.0383e-05
1.0067e-05
9.977e-06
1.0237e-05
1.0129e-05
9.959e-06
1.0384e-05
1.0442e-05
1.0297e-05
1.0413e-05
1.0128e-05
9.455e-06
9.288e-06
8.613e-06
9.051e-06
9.005e-06
8.108e-06
8.66e-06
8.601e-06
8.615e-06
8.541e-06
8.521e-06
8.713e-06
8.716e-06
8.705e-06
8.806e-06
8.755e-06
9.002e-06
8.87e-06
8.82e-06
8.681e-06
8.941e-06
9.183e-06
9.393e-06
9.14e-06
8.685e-06
8.348e-06
8.142e-06
8.394e-06
7.834e-06
7.766e-06
7.782e-06
7.703e-06
7.339e-06
7.457e-06
7.366e-06
7.617e-06
7.535e-06
7.605e-06
8.113e-06
8.153e-06
8.193e-06
8.037e-06
8.171e-06
7.678e-06
7.731e-06
7.507e-06
7.354e-06
7.332e-06
7.515e-06
7.419e-06
7.364e-06
7.457e-06
7.383e-06
7.528e-06
7.772e-06
9.082e-06
8.768e-06
8.138e-06
8.291e-06
8.288e-06
8.466e-06
8.654e-06
8.837e-06
8.749e-06
8.504e-06
8.798e-06
8.996e-06
9.306e-06
9.249e-06
9.307e-06
9.066e-06
9.122e-06
9.049e-06
9.008e-06
9.085e-06
9.23e-06
9.425e-06
9.821e-06
1.0527e-05
1.0414e-05
1.0332e-05
1.0372e-05
1.0312e-05
1.0219e-05
9.901e-06
9.827e-06
9.516e-06
1.0019e-05
1.0546e-05
1.0253e-05
1.0051e-05
9.543e-06
9.786e-06
9.91e-06
9.788e-06
9.767e-06
9.573e-06
9.603e-06
8.838e-06
8.59e-06
8.675e-06
8.855e-06
8.892e-06
8.407e-06
8.411e-06
8.204e-06
8.429e-06
8.557e-06
8.271e-06
8.378e-06
9.552e-06
8.65e-06
7.926e-06
7.474e-06
6.821e-06
7.288e-06
7.788e-06
8.024e-06
7.536e-06
7.439e-06
7.476e-06
7.535e-06
7.601e-06
7.349e-06
7.149e-06
6.62e-06
6.183e-06
5.936e-06
6.109e-06
5.954e-06
5.996e-06
6.18e-06
6.111e-06
6.277e-06
6.213e-06
6.674e-06
6.507e-06
6.346e-06
6.443e-06
6.487e-06
6.31e-06
6.235e-06
6.218e-06
6.117e-06
6.434e-06
6.421e-06
6.614e-06
6.602e-06
6.144e-06
6.305e-06
5.922e-06
6.271e-06
6.182e-06
6.295e-06
6.04e-06
5.712e-06
5.466e-06
5.205e-06
5.625e-06
5.569e-06
5.63e-06
5.87e-06
5.805e-06
5.71e-06
5.832e-06
5.926e-06
6.117e-06
6.609e-06
6.087e-06
5.988e-06
6.051e-06
6.191e-06
6.673e-06
6.54e-06
6.289e-06
6.244e-06
5.811e-06
6.196e-06
6.267e-06
6.234e-06
5.853e-06
5.765e-06
4.589e-06
4.794e-06
4.796e-06
5.152e-06
4.944e-06
4.871e-06
4.948e-06
4.724e-06
4.695e-06
4.696e-06
4.727e-06
5.074e-06
5.18e-06
5.287e-06
5.471e-06
5.699e-06
5.919e-06
6.015e-06
5.919e-06
5.751e-06
5.534e-06
5.463e-06
4.95e-06
4.57e-06
4.544e-06
4.484e-06
4.36e-06
4.613e-06
4.693e-06
4.697e-06
4.625e-06
4.559e-06
4.42e-06
4.429e-06
4.142e-06
4.182e-06
4.31e-06
4.334e-06
4.423e-06
4.552e-06
4.423e-06
4.433e-06
4.592e-06
4.582e-06
4.283e-06
4.524e-06
4.518e-06
4.701e-06
5.161e-06
5.294e-06
5.317e-06
4.757e-06
4.578e-06
3.648e-06
3.614e-06
3.589e-06
3.59e-06
3.637e-06
3.591e-06
3.685e-06
3.234e-06
3.341e-06
3.193e-06
3.243e-06
3.297e-06
3.473e-06
3.41e-06
3.174e-06
2.85e-06
2.976e-06
3.099e-06
3.661e-06
3.737e-06
3.729e-06
3.87e-06
3.985e-06
3.827e-06
3.506e-06
3.242e-06
2.961e-06
3.108e-06
3.065e-06
2.835e-06
2.863e-06
2.931e-06
2.896e-06
2.671e-06
2.902e-06
2.744e-06
2.918e-06
2.899e-06
3.128e-06
2.832e-06
2.817e-06
2.685e-06
2.366e-06
2.799e-06
3.202e-06
2.873e-06
3.067e-06
3.099e-06
3.602e-06
3.605e-06
3.676e-06
3.484e-06
3.51e-06
3.383e-06
3.888e-06
3.826e-06
4.182e-06
3.798e-06
3.796e-06
4.115e-06
3.909e-06
4.146e-06
4.201e-06
4.086e-06
4.057e-06
4.055e-06
3.801e-06
3.767e-06
3.271e-06
3.319e-06
3.403e-06
3.436e-06
3.371e-06
3.419e-06
3.18e-06
3.1e-06
2.988e-06
2.949e-06
2.896e-06
3.006e-06
2.983e-06
3.391e-06
3.079e-06
3.212e-06
3.279e-06
3.199e-06
3.166e-06
3.336e-06
3.485e-06
3.543e-06
3.641e-06
3.806e-06
4.02e-06
4.112e-06
4.232e-06
4.286e-06
4.261e-06
4.385e-06
4.608e-06
4.62e-06
4.952e-06
5.081e-06
4.882e-06
4.932e-06
5.059e-06
4.814e-06
5.145e-06
5.299e-06
5.219e-06
5.581e-06
6.216e-06
6.701e-06
6.721e-06
6.707e-06
7.375e-06
7.676e-06
7.441e-06
8.47e-06
8.907e-06
8.467e-06
8.429e-06
8.429e-06
8.526e-06
8.567e-06
8.625e-06
8.37e-06
8.844e-06
8.582e-06
8.499e-06
8.187e-06
7.874e-06
8.28e-06
7.954e-06
8.102e-06
8.13e-06
8.098e-06
7.913e-06
8.168e-06
8.473e-06
9.269e-06
9.417e-06
9.272e-06
9.847e-06
9.431e-06
9.61e-06
9.624e-06
9.789e-06
9.794e-06
9.962e-06
1.0123e-05
1.0249e-05
1.015e-05
9.581e-06
9.988e-06
1.0616e-05
1.1167e-05
1.1181e-05
1.0834e-05
1.0405e-05
1.0358e-05
1.0347e-05
1.0591e-05
1.0588e-05
1.0626e-05
1.1043e-05
1.1177e-05
1.103e-05
1.107e-05
1.1104e-05
1.095e-05
1.0927e-05
1.0728e-05
1.1023e-05
1.1296e-05
1.0793e-05
1.1309e-05
1.1384e-05
1.1531e-05
1.1923e-05
1.2281e-05
1.2269e-05
1.2382e-05
1.206e-05
1.1884e-05
1.1957e-05
1.2558e-05
1.2824e-05
1.2794e-05
1.2617e-05
1.2481e-05
1.2467e-05
1.2347e-05
1.2444e-05
1.2644e-05
1.1993e-05
1.2249e-05
1.2594e-05
1.2602e-05
1.3387e-05
1.3299e-05
1.3441e-05
1.3251e-05
1.3596e-05
1.3444e-05
1.3427e-05
1.3101e-05
1.2454e-05
1.2098e-05
1.2051e-05
1.2173e-05
1.1741e-05
1.1804e-05
1.2801e-05
1.2846e-05
1.3132e-05
1.2978e-05
1.357e-05
1.296e-05
1.3518e-05
1.2816e-05
1.2919e-05
1.3305e-05
1.3206e-05
1.3308e-05
1.2677e-05
1.2758e-05
1.2768e-05
1.3937e-05
1.4786e-05
1.4924e-05
1.4932e-05
1.569e-05
1.5201e-05
1.4571e-05
1.4114e-05
1.4212e-05
1.4105e-05
1.4401e-05
1.4817e-05
1.4421e-05
1.4143e-05
1.4091e-05
1.4499e-05
1.4304e-05
1.4786e-05
1.3282e-05
1.3346e-05
1.371e-05
1.3836e-05
1.3777e-05
1.42e-05
1.4156e-05
1.4214e-05
1.4273e-05
1.4535e-05
1.428e-05
1.462e-05
1.4081e-05
1.4285e-05
1.3872e-05
1.4088e-05
1.413e-05
1.414e-05
1.4266e-05
1.47e-05
1.3883e-05
1.4662e-05
1.4283e-05
1.4466e-05
1.4697e-05
1.5363e-05
1.5007e-05
1.4282e-05
1.4461e-05
1.426e-05
1.4636e-05
1.458e-05
1.4549e-05
1.4477e-05
1.4426e-05
1.4324e-05
1.4064e-05
1.4182e-05
1.3781e-05
1.3849e-05
1.3192e-05
1.3042e-05
1.3154e-05
1.2917e-05
1.4227e-05
1.4273e-05
1.4156e-05
1.3063e-05
1.3791e-05
1.3328e-05
1.3534e-05
1.3106e-05
1.2823e-05
1.3013e-05
1.3188e-05
1.3284e-05
1.3033e-05
1.2093e-05
1.1996e-05
1.1837e-05
1.2087e-05
1.1048e-05
1.0932e-05
1.0775e-05
1.1122e-05
1.1094e-05
1.0464e-05
1.1014e-05
1.0745e-05
1.0531e-05
1.1071e-05
1.0387e-05
1.0292e-05
1.0631e-05
1.1236e-05
1.0966e-05
1.0834e-05
1.0863e-05
1.035e-05
1.0552e-05
1.0429e-05
1.0467e-05
1.013e-05
1.0108e-05
9.8e-06
9.943e-06
9.736e-06
9.494e-06
9.501e-06
1.0003e-05
9.867e-06
9.934e-06
9.572e-06
9.443e-06
9.645e-06
9.955e-06
9.972e-06
9.873e-06
9.46e-06
9.971e-06
1.0047e-05
9.992e-06
1.0422e-05
9.832e-06
1.0072e-05
9.944e-06
9.886e-06
9.919e-06
9.493e-06
9.45e-06
9.449e-06
9.435e-06
9.267e-06
9.345e-06
9.183e-06
9.023e-06
9.208e-06
9.627e-06
8.521e-06
8.898e-06
8.445e-06
8.568e-06
8.952e-06
8.445e-06
8.873e-06
9.467e-06
9.256e-06
9.268e-06
9.269e-06
9.856e-06
9.231e-06
9.281e-06
9.17e-06
8.687e-06
9.313e-06
9.128e-06
8.674e-06
8.805e-06
8.908e-06
9.038e-06
9.173e-06
9.016e-06
9.317e-06
9.167e-06
9.15e-06
8.803e-06
9.223e-06
9.047e-06
9.113e-06
9.665e-06
9.436e-06
9.539e-06
9.773e-06
9.964e-06
9.995e-06
1.0304e-05
1.0596e-05
1.0287e-05
1.0431e-05
1.0663e-05
1.0827e-05
1.0587e-05
1.0379e-05
1.0715e-05
1.0551e-05
1.0798e-05
1.0957e-05
1.106e-05
1.1797e-05
1.1681e-05
1.1728e-05
1.1482e-05
1.1306e-05
1.1257e-05
1.1171e-05
1.0795e-05
1.039e-05
1.038e-05
1.0318e-05
1.0547e-05
1.0416e-05
9.89e-06
9.864e-06
9.391e-06
9.396e-06
9.574e-06
9.531e-06
9.409e-06
8.749e-06
8.708e-06
8.888e-06
8.634e-06
9.167e-06
8.773e-06
9.205e-06
9.245e-06
9.32e-06
9.298e-06
9.334e-06
9.013e-06
8.802e-06
9.035e-06
8.827e-06
8.873e-06
8.981e-06
8.716e-06
8.618e-06
8.158e-06
7.948e-06
8.1e-06
7.786e-06
8.53e-06
8.499e-06
8.005e-06
7.724e-06
7.316e-06
7.379e-06
7.936e-06
7.588e-06
7.296e-06
6.935e-06
6.53e-06
6.313e-06
6.954e-06
6.59e-06
6.396e-06
6.727e-06
7.145e-06
6.956e-06
6.983e-06
6.948e-06
7.504e-06
7.945e-06
7.969e-06
7.925e-06
8.038e-06
8.001e-06
8.025e-06
7.943e-06
7.886e-06
7.77e-06
8.204e-06
8.265e-06
8.081e-06
7.942e-06
7.822e-06
7.608e-06
7.002e-06
7.018e-06
6.662e-06
7.081e-06
7.384e-06
7.352e-06
7.832e-06
7.978e-06
7.889e-06
8.342e-06
8.687e-06
9.216e-06
8.992e-06
8.902e-06
8.912e-06
9.018e-06
8.992e-06
8.35e-06
8.245e-06
8.197e-06
7.992e-06
8.188e-06
7.078e-06
7.162e-06
7.238e-06
6.783e-06
7.014e-06
6.523e-06
5.873e-06
5.793e-06
5.9e-06
5.642e-06
5.812e-06
5.788e-06
5.491e-06
5.236e-06
5.3e-06
5.55e-06
5.838e-06
5.742e-06
5.837e-06
6.479e-06
6.103e-06
5.559e-06
5.689e-06
5.577e-06
5.445e-06
4.869e-06
4.921e-06
4.983e-06
4.963e-06
5.467e-06
5.859e-06
6.352e-06
6.161e-06
6.105e-06
6.441e-06
6.458e-06
6.791e-06
6.71e-06
6.53e-06
6.435e-06
6.094e-06
5.708e-06
5.534e-06
5.223e-06
5.406e-06
5.327e-06
5.58e-06
5.296e-06
4.91e-06
5.093e-06
4.73e-06
5.039e-06
4.425e-06
4.792e-06
4.59e-06
4.475e-06
5.109e-06
5.065e-06
4.973e-06
4.911e-06
4.786e-06
5.452e-06
5.592e-06
5.632e-06
5.639e-06
5.669e-06
5.726e-06
6.008e-06
5.872e-06
5.76e-06
5.676e-06
5.815e-06
5.931e-06
5.676e-06
5.723e-06
6.162e-06
6.218e-06
6.066e-06
6.34e-06
6.152e-06
6.361e-06
6.198e-06
6.077e-06
6.094e-06
6.374e-06
6.631e-06
6.501e-06
7.346e-06
7.259e-06
6.55e-06
6.235e-06
6.269e-06
6.43e-06
6.28e-06
6.268e-06
6.302e-06
6.129e-06
5.766e-06
5.752e-06
5.909e-06
4.935e-06
5.508e-06
5.961e-06
5.68e-06
5.314e-06
5.366e-06
5.29e-06
5.5e-06
5.499e-06
5.439e-06
5.235e-06
5.395e-06
5.274e-06
5.394e-06
5.045e-06
5.136e-06
4.924e-06
4.52e-06
4.328e-06
4.26e-06
4.463e-06
4.911e-06
4.782e-06
5.023e-06
4.956e-06
5.014e-06
4.812e-06
4.887e-06
4.985e-06
5.13e-06
5.14e-06
5.117e-06
5.052e-06
5.129e-06
4.955e-06
4.904e-06
4.941e-06
4.993e-06
5.137e-06
5.051e-06
5.031e-06
5.204e-06
5.23e-06
5.152e-06
4.523e-06
4.378e-06
4.533e-06
4.073e-06
4.327e-06
3.87e-06
3.676e-06
3.595e-06
3.574e-06
3.543e-06
3.48e-06
3.203e-06
3.008e-06
2.918e-06
2.722e-06
2.773e-06
2.734e-06
2.57e-06
2.525e-06
2.506e-06
2.576e-06
2.518e-06
2.45e-06
2.643e-06
2.563e-06
2.643e-06
2.606e-06
2.549e-06
2.524e-06
2.489e-06
2.857e-06
2.527e-06
2.558e-06
2.455e-06
2.005e-06
1.816e-06
1.94e-06
2.14e-06
2.179e-06
2.112e-06
2.058e-06
1.974e-06
1.869e-06
1.876e-06
1.951e-06
1.996e-06
2.13e-06
2.107e-06
2.015e-06
2.016e-06
2.061e-06
2.083e-06
2.14e-06
2.251e-06
2.313e-06
2.441e-06
2.513e-06
2.698e-06
2.73e-06
2.602e-06
2.631e-06
2.688e-06
2.376e-06
2.36e-06
1.809e-06
2.016e-06
1.885e-06
1.816e-06
1.87e-06
1.83e-06
1.878e-06
1.888e-06
1.872e-06
1.948e-06
1.837e-06
1.854e-06
1.868e-06
1.521e-06
1.485e-06
1.358e-06
1.442e-06
1.469e-06
1.693e-06
1.752e-06
1.744e-06
1.788e-06
1.906e-06
2.162e-06
2.13e-06
2.1e-06
2.174e-06
2.16e-06
2.126e-06
2.194e-06
2.19e-06
2.553e-06
2.563e-06
2.592e-06
2.738e-06
2.609e-06
2.759e-06
2.872e-06
2.723e-06
2.671e-06
2.72e-06
2.761e-06
3.086e-06
2.875e-06
2.675e-06
2.923e-06
2.984e-06
2.966e-06
2.88e-06
2.982e-06
2.955e-06
3.02e-06
3.028e-06
3.08e-06
3.084e-06
3.037e-06
3.161e-06
3.155e-06
3.308e-06
2.783e-06
3.208e-06
3.301e-06
3.482e-06
3.329e-06
3.124e-06
3.292e-06
3.487e-06
3.168e-06
2.819e-06
3.023e-06
2.812e-06
2.876e-06
2.874e-06
2.464e-06
2.343e-06
2.409e-06
2.373e-06
2.131e-06
2.614e-06
2.899e-06
2.503e-06
2.438e-06
2.425e-06
2.559e-06
2.563e-06
2.917e-06
2.91e-06
2.976e-06
2.937e-06
2.791e-06
2.675e-06
2.347e-06
2.476e-06
2.508e-06
2.476e-06
2.459e-06
2.466e-06
2.613e-06
2.38e-06
2.418e-06
2.66e-06
2.77e-06
3.103e-06
3.718e-06
3.449e-06
3.418e-06
3.523e-06
3.45e-06
3.274e-06
3.612e-06
3.697e-06
3.745e-06
3.589e-06
3.925e-06
4.023e-06
3.764e-06
3.703e-06
3.238e-06
3.42e-06
3.294e-06
3.393e-06
3.427e-06
3.379e-06
3.214e-06
3.317e-06
3.245e-06
3.252e-06
3.452e-06
3.789e-06
3.548e-06
3.614e-06
3.588e-06
3.724e-06
3.612e-06
3.335e-06
3.362e-06
3.527e-06
3.805e-06
3.695e-06
3.531e-06
3.67e-06
3.714e-06
3.515e-06
3.351e-06
3.187e-06
3.006e-06
2.774e-06
2.865e-06
2.716e-06
2.614e-06
2.519e-06
2.51e-06
2.405e-06
2.606e-06
2.467e-06
2.415e-06
2.408e-06
2.325e-06
2.147e-06
2.398e-06
2.041e-06
2.368e-06
2.153e-06
2.093e-06
1.748e-06
1.786e-06
1.718e-06
1.892e-06
1.965e-06
2.033e-06
2.024e-06
2.038e-06
2.073e-06
2.289e-06
2.245e-06
2.31e-06
2.703e-06
2.443e-06
2.595e-06
2.971e-06
3.1e-06
2.902e-06
2.87e-06
3.293e-06
3.564e-06
3.401e-06
3.51e-06
3.54e-06
3.458e-06
3.906e-06
3.406e-06
3.358e-06
3.242e-06
3.143e-06
3.309e-06
3.394e-06
3.526e-06
3.642e-06
3.529e-06
3.345e-06
3.551e-06
3.546e-06
3.828e-06
3.639e-06
3.974e-06
4.052e-06
4.283e-06
4.073e-06
4.218e-06
4.208e-06
3.738e-06
4.205e-06
4.019e-06
4.474e-06
2.988e-06
3.405e-06
3.571e-06
3.489e-06
3.281e-06
3.179e-06
3.743e-06
3.572e-06
3.768e-06
3.941e-06
4.184e-06
3.358e-06
3.671e-06
3.906e-06
3.654e-06
3.682e-06
3.665e-06
3.787e-06
3.985e-06
4.136e-06
3.637e-06
4.02e-06
3.502e-06
3.412e-06
3.334e-06
3.194e-06
3.195e-06
3.382e-06
3.467e-06
3.413e-06
3.241e-06
3.314e-06
3.318e-06
3.208e-06
3.189e-06
3.187e-06
3.262e-06
3.127e-06
3.221e-06
3.293e-06
3.179e-06
2.701e-06
2.888e-06
2.48e-06
2.638e-06
2.48e-06
2.472e-06
2.595e-06
2.82e-06
3.144e-06
3.006e-06
2.92e-06
2.943e-06
2.934e-06
2.83e-06
2.88e-06
2.627e-06
2.602e-06
2.549e-06
2.363e-06
2.138e-06
2.321e-06
2.369e-06
2.385e-06
2.347e-06
2.367e-06
2.319e-06
2.321e-06
2.438e-06
1.992e-06
2.038e-06
1.897e-06
1.917e-06
1.949e-06
1.916e-06
1.882e-06
1.965e-06
1.977e-06
1.944e-06
1.906e-06
1.918e-06
1.753e-06
1.848e-06
1.755e-06
1.932e-06
2.23e-06
2.168e-06
2.259e-06
2.189e-06
2.204e-06
2.414e-06
2.527e-06
2.234e-06
2.085e-06
1.887e-06
1.923e-06
2.133e-06
2.098e-06
2.034e-06
2.444e-06
2.689e-06
2.535e-06
2.509e-06
2.469e-06
2.471e-06
2.499e-06
2.464e-06
2.491e-06
2.705e-06
2.683e-06
2.589e-06
2.506e-06
2.252e-06
2.093e-06
1.795e-06
1.739e-06
1.939e-06
1.969e-06
1.951e-06
2.007e-06
1.909e-06
2.025e-06
1.931e-06
1.747e-06
1.686e-06
1.605e-06
1.529e-06
1.657e-06
1.793e-06
1.917e-06
2.087e-06
1.925e-06
1.987e-06
2.203e-06
1.917e-06
2.079e-06
2.174e-06
2.35e-06
2.487e-06
2.349e-06
2.37e-06
2.454e-06
2.729e-06
2.606e-06
2.636e-06
2.352e-06
2.332e-06
2.33e-06
2.463e-06
2.515e-06
2.457e-06
2.6e-06
2.575e-06
2.547e-06
2.518e-06
2.129e-06
2.359e-06
2.124e-06
2.032e-06
2.139e-06
2.082e-06
1.946e-06
1.795e-06
1.79e-06
2.214e-06
2.43e-06
2.652e-06
2.883e-06
2.839e-06
2.781e-06
2.832e-06
2.62e-06
2.585e-06
2.613e-06
2.639e-06
2.498e-06
2.427e-06
2.472e-06
2.711e-06
2.774e-06
2.888e-06
2.666e-06
2.71e-06
2.732e-06
2.664e-06
2.858e-06
3.115e-06
3.241e-06
2.845e-06
2.452e-06
2.628e-06
2.599e-06
2.526e-06
2.328e-06
2.011e-06
1.844e-06
1.76e-06
1.725e-06
1.759e-06
1.798e-06
1.787e-06
1.83e-06
1.565e-06
2e-06
2.455e-06
2.352e-06
2.352e-06
2.457e-06
2.529e-06
2.875e-06
3.089e-06
3.147e-06
2.902e-06
2.678e-06
3.046e-06
3.242e-06
3.184e-06
3.352e-06
3.368e-06
3.348e-06
3.437e-06
3.588e-06
3.803e-06
4.016e-06
4e-06
3.707e-06
3.503e-06
3.165e-06
3.164e-06
3.481e-06
2.856e-06
2.47e-06
2.88e-06
2.977e-06
2.985e-06
2.847e-06
2.487e-06
1.681e-06
1.68e-06
1.661e-06
1.691e-06
1.901e-06
2.064e-06
1.717e-06
1.699e-06
1.608e-06
1.607e-06
1.632e-06
1.696e-06
1.839e-06
1.931e-06
1.815e-06
1.724e-06
1.619e-06
1.486e-06
1.701e-06
1.522e-06
1.481e-06
1.516e-06
2.06e-06
1.967e-06
1.82e-06
1.909e-06
2.1e-06
1.992e-06
2.246e-06
2.125e-06
2.118e-06
2.219e-06
2.198e-06
2.291e-06
2.379e-06
2.647e-06
2.661e-06
2.717e-06
2.704e-06
2.515e-06
3.001e-06
2.74e-06
2.689e-06
2.432e-06
2.446e-06
2.275e-06
2.408e-06
2.56e-06
2.414e-06
2.401e-06
2.392e-06
2.462e-06
2.567e-06
2.551e-06
2.282e-06
2.568e-06
2.683e-06
2.293e-06
2.42e-06
2.437e-06
2.513e-06
2.654e-06
2.676e-06
2.879e-06
3.066e-06
3.198e-06
3.042e-06
2.845e-06
2.767e-06
2.808e-06
2.786e-06
2.822e-06
2.806e-06
2.877e-06
3.074e-06
3.307e-06
3.629e-06
3.83e-06
3.78e-06
3.656e-06
3.927e-06
4.53e-06
4.528e-06
4.878e-06
4.893e-06
4.742e-06
5.158e-06
5.049e-06
5.07e-06
5.442e-06
5.569e-06
5.987e-06
6.577e-06
6.578e-06
6.54e-06
6.083e-06
6.183e-06
6.208e-06
6.386e-06
6.407e-06
6.283e-06
6.105e-06
6.33e-06
6.128e-06
6.308e-06
6.45e-06
5.893e-06
5.892e-06
5.819e-06
6.039e-06
5.986e-06
6.195e-06
5.86e-06
5.578e-06
5.517e-06
5.657e-06
5.699e-06
6.003e-06
6.17e-06
6.544e-06
6.324e-06
6.151e-06
6.483e-06
5.738e-06
6.427e-06
6.092e-06
6.274e-06
5.855e-06
5.869e-06
5.643e-06
5.418e-06
5.164e-06
5.014e-06
4.836e-06
4.662e-06
4.565e-06
4.505e-06
4.557e-06
5e-06
5.025e-06
5.522e-06
5.194e-06
4.91e-06
5.106e-06
5.047e-06
5.245e-06
5.391e-06
5.334e-06
5.459e-06
5.802e-06
5.686e-06
5.647e-06
5.336e-06
5.281e-06
4.847e-06
4.544e-06
4.634e-06
4.663e-06
4.573e-06
4.502e-06
4.127e-06
4.196e-06
4.031e-06
4.125e-06
3.881e-06
3.864e-06
3.651e-06
3.968e-06
3.975e-06
3.202e-06
3.197e-06
3.566e-06
3.623e-06
3.717e-06
3.659e-06
3.723e-06
3.744e-06
3.745e-06
3.523e-06
3.219e-06
3.368e-06
3.354e-06
3.335e-06
3.53e-06
3.43e-06
3.275e-06
3.511e-06
3.723e-06
3.451e-06
3.328e-06
3.194e-06
3.37e-06
3.022e-06
3.412e-06
3.274e-06
3.044e-06
2.8e-06
2.841e-06
2.703e-06
2.76e-06
2.332e-06
2.433e-06
2.58e-06
2.496e-06
2.414e-06
2.22e-06
2.278e-06
2.249e-06
2.109e-06
2.16e-06
2.242e-06
2.432e-06
2.564e-06
2.255e-06
2.408e-06
2.33e-06
2.493e-06
2.534e-06
2.321e-06
2.43e-06
2.588e-06
2.563e-06
2.668e-06
2.479e-06
2.489e-06
2.417e-06
2.381e-06
2.408e-06
2.251e-06
2.35e-06
2.332e-06
2.031e-06
2.418e-06
2.6e-06
2.769e-06
2.651e-06
3.279e-06
3.552e-06
3.572e-06
3.538e-06
3.779e-06
3.635e-06
3.912e-06
3.824e-06
4.102e-06
3.992e-06
4.115e-06
4.162e-06
4.322e-06
4.178e-06
3.957e-06
3.968e-06
3.894e-06
3.905e-06
3.967e-06
3.902e-06
4.133e-06
4.68e-06
4.794e-06
4.743e-06
4.737e-06
3.964e-06
4.19e-06
4.281e-06
3.992e-06
3.987e-06
4.058e-06
3.823e-06
3.77e-06
3.527e-06
3.527e-06
3.458e-06
3.505e-06
3.982e-06
3.858e-06
4.042e-06
4.115e-06
4.147e-06
4.053e-06
4.167e-06
4.768e-06
5.062e-06
4.998e-06
5.287e-06
5.371e-06
5.081e-06
4.76e-06
4.834e-06
4.519e-06
4.285e-06
4.283e-06
4.356e-06
5.134e-06
4.981e-06
5.135e-06
4.827e-06
5.108e-06
4.828e-06
4.664e-06
4.828e-06
4.631e-06
4.786e-06
4.888e-06
5.031e-06
5.23e-06
4.937e-06
4.916e-06
4.857e-06
4.471e-06
4.522e-06
4.741e-06
4.666e-06
4.7e-06
4.26e-06
4.213e-06
4.293e-06
4.149e-06
4.201e-06
4.202e-06
4.415e-06
4.642e-06
4.641e-06
4.665e-06
4.849e-06
5.332e-06
4.801e-06
4.746e-06
4.414e-06
4.14e-06
3.95e-06
4.057e-06
3.916e-06
4.102e-06
4.181e-06
4.243e-06
4.353e-06
4.449e-06
4.238e-06
3.957e-06
3.499e-06
3.614e-06
3.45e-06
3.36e-06
3.295e-06
3.101e-06
3.042e-06
2.992e-06
3.064e-06
2.832e-06
2.849e-06
2.965e-06
3.626e-06
3.493e-06
3.975e-06
3.408e-06
3.447e-06
3.58e-06
3.737e-06
3.714e-06
3.549e-06
3.55e-06
3.862e-06
3.974e-06
3.793e-06
4.034e-06
3.783e-06
3.918e-06
4.302e-06
4.317e-06
4.294e-06
4.258e-06
4.129e-06
4.032e-06
3.834e-06
3.566e-06
3.397e-06
3.41e-06
3.643e-06
3.341e-06
3.695e-06
3.637e-06
3.221e-06
3.283e-06
3.389e-06
3.647e-06
3.584e-06
3.411e-06
3.148e-06
3.714e-06
3.567e-06
3.552e-06
3.735e-06
4.128e-06
3.93e-06
3.893e-06
3.964e-06
3.958e-06
3.922e-06
3.855e-06
4.111e-06
3.942e-06
4.074e-06
3.669e-06
3.775e-06
3.596e-06
3.616e-06
3.646e-06
3.535e-06
3.495e-06
3.925e-06
3.857e-06
3.757e-06
3.839e-06
3.882e-06
3.868e-06
3.835e-06
3.882e-06
3.58e-06
3.82e-06
3.895e-06
3.903e-06
3.883e-06
3.943e-06
3.986e-06
3.989e-06
3.772e-06
3.75e-06
3.881e-06
3.902e-06
4.254e-06
4.297e-06
4.52e-06
4.657e-06
4.552e-06
4.561e-06
4.727e-06
4.883e-06
4.754e-06
4.693e-06
4.826e-06
4.519e-06
4.626e-06
4.764e-06
4.791e-06
4.756e-06
5.004e-06
5.444e-06
5.464e-06
5.775e-06
5.742e-06
5.755e-06
5.407e-06
5.425e-06
5.658e-06
5.843e-06
5.972e-06
6.011e-06
5.846e-06
5.697e-06
6.135e-06
5.923e-06
5.701e-06
5.711e-06
5.72e-06
5.862e-06
5.506e-06
5.416e-06
5.273e-06
5.441e-06
5.328e-06
5.216e-06
5.232e-06
5.111e-06
4.786e-06
4.799e-06
4.985e-06
5.338e-06
5.224e-06
5.309e-06
5.331e-06
5.738e-06
6.196e-06
5.906e-06
5.785e-06
5.697e-06
5.716e-06
6.014e-06
5.951e-06
6.213e-06
5.537e-06
5.482e-06
5.457e-06
5.21e-06
5.131e-06
5.335e-06
5.701e-06
5.604e-06
5.668e-06
5.782e-06
6.073e-06
5.911e-06
6.408e-06
6.546e-06
6.774e-06
6.646e-06
7.147e-06
7.579e-06
7.555e-06
7.651e-06
7.81e-06
7.911e-06
7.634e-06
7.647e-06
7.679e-06
7.659e-06
7.743e-06
7.541e-06
7.533e-06
7.564e-06
7.356e-06
7.281e-06
7.127e-06
7.278e-06
7.093e-06
7.081e-06
7.218e-06
7.421e-06
7.227e-06
6.93e-06
6.902e-06
6.636e-06
6.649e-06
6.845e-06
7.095e-06
7.098e-06
7.238e-06
7.316e-06
7.206e-06
7.146e-06
7.201e-06
7.311e-06
7.16e-06
7.064e-06
7.131e-06
7.513e-06
7.604e-06
6.831e-06
6.943e-06
6.839e-06
6.191e-06
6.486e-06
6.517e-06
6.539e-06
6.424e-06
6.387e-06
6.335e-06
6.274e-06
6.036e-06
6.04e-06
6.332e-06
6.407e-06
6.277e-06
6.359e-06
6.137e-06
6.224e-06
5.845e-06
6.203e-06
6.231e-06
6.178e-06
6.124e-06
6.115e-06
6.036e-06
5.935e-06
5.543e-06
5.719e-06
6.037e-06
6.095e-06
6.521e-06
6.528e-06
6.268e-06
6.276e-06
6.451e-06
6.566e-06
7.245e-06
6.915e-06
7.033e-06
7.068e-06
6.601e-06
7.002e-06
7.4e-06
7.398e-06
7.394e-06
7.507e-06
7.59e-06
7.992e-06
8.21e-06
7.961e-06
8.022e-06
8.073e-06
7.979e-06
8.134e-06
8.196e-06
8.29e-06
8.121e-06
7.98e-06
8.061e-06
8.169e-06
8.59e-06
8.618e-06
8.741e-06
8.757e-06
9.171e-06
9.349e-06
8.889e-06
9.077e-06
9.831e-06
1.0038e-05
1.0001e-05
9.609e-06
9.353e-06
9.206e-06
9.164e-06
9.425e-06
9.568e-06
9.887e-06
9.423e-06
9.701e-06
9.719e-06
9.656e-06
9.869e-06
9.604e-06
9.563e-06
1.0101e-05
1.0119e-05
9.736e-06
9.147e-06
9.203e-06
9.319e-06
9.231e-06
9.361e-06
9.467e-06
8.91e-06
8.81e-06
9.051e-06
9.471e-06
9.022e-06
8.942e-06
8.824e-06
8.829e-06
8.539e-06
8.287e-06
8.492e-06
8.632e-06
8.737e-06
8.265e-06
7.979e-06
8.133e-06
8.082e-06
8.354e-06
8.272e-06
8.513e-06
8.748e-06
8.504e-06
8.524e-06
8.54e-06
8.505e-06
8.461e-06
8.217e-06
8.45e-06
8.244e-06
7.905e-06
7.955e-06
8.469e-06
8.921e-06
8.059e-06
7.72e-06
7.647e-06
7.591e-06
7.511e-06
7.688e-06
7.552e-06
7.823e-06
7.994e-06
7.78e-06
7.197e-06
7.144e-06
6.996e-06
7.162e-06
6.964e-06
6.932e-06
6.906e-06
6.901e-06
6.895e-06
6.903e-06
6.929e-06
7.154e-06
7.025e-06
6.981e-06
7.025e-06
7.299e-06
7.491e-06
7.485e-06
7.223e-06
7.075e-06
7.167e-06
6.997e-06
7.22e-06
7.069e-06
7.322e-06
6.875e-06
7.099e-06
6.772e-06
6.94e-06
6.387e-06
6.496e-06
6.497e-06
6.372e-06
6.523e-06
6.287e-06
6.36e-06
6.642e-06
6.742e-06
6.546e-06
6.629e-06
6.363e-06
6.484e-06
6.555e-06
6.282e-06
6.421e-06
6.37e-06
6.269e-06
6.404e-06
6.389e-06
6.297e-06
6.295e-06
6.366e-06
6.013e-06
6.223e-06
5.873e-06
5.854e-06
6.297e-06
6.164e-06
6.184e-06
6.325e-06
6.249e-06
5.58e-06
5.613e-06
5.539e-06
5.85e-06
6.015e-06
6.239e-06
6.148e-06
6.227e-06
6.421e-06
6.917e-06
6.601e-06
7.161e-06
7.3e-06
7.789e-06
7.787e-06
8.036e-06
7.807e-06
8.097e-06
8.336e-06
8.47e-06
8.811e-06
8.559e-06
8.466e-06
8.581e-06
8.939e-06
9.124e-06
9.191e-06
9.337e-06
9.461e-06
9.222e-06
9.009e-06
8.646e-06
9.193e-06
9.561e-06
1.0116e-05
1.1172e-05
1.0891e-05
1.1325e-05
1.1171e-05
1.059e-05
1.0636e-05
1.0441e-05
1.0471e-05
1.0157e-05
1.0198e-05
1.0475e-05
1.0356e-05
1.0581e-05
1.0896e-05
1.1076e-05
1.0851e-05
1.0686e-05
1.032e-05
1.0026e-05
1.0118e-05
1.0266e-05
1.0358e-05
1.0295e-05
1.031e-05
1.0229e-05
1.0553e-05
1.0469e-05
1.0826e-05
1.1156e-05
1.1073e-05
1.1092e-05
1.1452e-05
1.1176e-05
1.085e-05
1.0894e-05
1.0798e-05
1.0601e-05
1.0191e-05
1.0042e-05
1.0024e-05
1.0223e-05
1.0265e-05
1.0496e-05
1.0389e-05
1.0494e-05
1.0422e-05
1.0497e-05
1.1084e-05
1.1204e-05
1.0755e-05
1.0524e-05
1.0822e-05
1.1057e-05
1.0878e-05
1.1144e-05
1.1394e-05
1.2455e-05
1.2759e-05
1.3021e-05
1.3116e-05
1.3288e-05
1.3288e-05
1.3334e-05
1.3721e-05
1.3578e-05
1.3385e-05
1.3334e-05
1.3315e-05
1.297e-05
1.2823e-05
1.2708e-05
1.2761e-05
1.2641e-05
1.285e-05
1.3084e-05
1.2773e-05
1.2969e-05
1.2721e-05
1.2898e-05
1.3037e-05
1.346e-05
1.3305e-05
1.3576e-05
1.3943e-05
1.4245e-05
1.4022e-05
1.4206e-05
1.4052e-05
1.3916e-05
1.3276e-05
1.2839e-05
1.294e-05
1.3072e-05
1.2739e-05
1.2133e-05
1.1905e-05
1.2705e-05
1.2938e-05
1.2873e-05
1.2149e-05
1.229e-05
1.2353e-05
1.2412e-05
1.2311e-05
1.2694e-05
1.2803e-05
1.2951e-05
1.3045e-05
1.3013e-05
1.2765e-05
1.3518e-05
1.3298e-05
1.2732e-05
1.2859e-05
1.2428e-05
1.2737e-05
1.2273e-05
1.2781e-05
1.2718e-05
1.2761e-05
1.2735e-05
1.2369e-05
1.2484e-05
1.2745e-05
1.2956e-05
1.2885e-05
1.2805e-05
1.3019e-05
1.227e-05
1.2072e-05
1.1917e-05
1.1577e-05
1.1738e-05
1.2113e-05
1.1734e-05
1.157e-05
1.1715e-05
1.1443e-05
1.1452e-05
1.1552e-05
1.1345e-05
1.1675e-05
1.1808e-05
1.1918e-05
1.2193e-05
1.181e-05
1.188e-05
1.184e-05
1.0607e-05
1.0887e-05
1.096e-05
1.0838e-05
1.0739e-05
1.0663e-05
1.097e-05
1.1021e-05
1.0633e-05
1.0883e-05
1.0796e-05
1.1402e-05
1.1403e-05
1.1072e-05
1.0902e-05
1.195e-05
1.2051e-05
1.2211e-05
1.1312e-05
1.1527e-05
1.0448e-05
1.1093e-05
1.1034e-05
1.1042e-05
1.0969e-05
1.095e-05
1.0891e-05
1.062e-05
1.0504e-05
1.0643e-05
1.0167e-05
1.0481e-05
1.0575e-05
1.0532e-05
1.0143e-05
1.0641e-05
1.0219e-05
9.995e-06
1.0875e-05
1.1764e-05
1.1868e-05
1.1569e-05
1.1927e-05
1.1979e-05
1.2671e-05
1.2071e-05
1.1741e-05
1.166e-05
1.0864e-05
1.0755e-05
1.0651e-05
1.0603e-05
1.0645e-05
1.079e-05
1.0838e-05
1.0903e-05
1.0705e-05
1.0609e-05
1.0524e-05
9.684e-06
9.905e-06
9.921e-06
9.85e-06
9.867e-06
9.691e-06
9.825e-06
9.418e-06
9.428e-06
9.802e-06
1.051e-05
1.0116e-05
1.0882e-05
1.0495e-05
1.0347e-05
1.0156e-05
9.901e-06
9.962e-06
9.684e-06
9.568e-06
9.393e-06
8.879e-06
9.003e-06
8.817e-06
8.961e-06
8.777e-06
8.891e-06
8.421e-06
8.289e-06
8.293e-06
8.504e-06
8.404e-06
7.983e-06
8.066e-06
8.069e-06
8.833e-06
9.672e-06
9.569e-06
9.13e-06
9.379e-06
9.253e-06
9.361e-06
8.888e-06
9.203e-06
9.256e-06
8.547e-06
8.052e-06
7.908e-06
7.559e-06
7.608e-06
7.72e-06
8.219e-06
8.423e-06
8.097e-06
7.632e-06
7.527e-06
6.815e-06
7.076e-06
7.169e-06
7.534e-06
8.002e-06
7.574e-06
7.554e-06
7.144e-06
7.045e-06
7.73e-06
7.347e-06
7.588e-06
7.422e-06
7.272e-06
7.74e-06
8.147e-06
8.594e-06
8.95e-06
8.969e-06
9.781e-06
1.0529e-05
1.0827e-05
1.0903e-05
1.1033e-05
1.0564e-05
9.83e-06
9.632e-06
9.036e-06
8.791e-06
8.47e-06
8.345e-06
7.733e-06
7.855e-06
7.175e-06
6.867e-06
7.267e-06
7.831e-06
7.998e-06
7.529e-06
7.597e-06
7.797e-06
7.687e-06
8.038e-06
8.09e-06
7.854e-06
7.795e-06
7.737e-06
8.016e-06
8.412e-06
8.531e-06
8.421e-06
8.552e-06
8.033e-06
8.048e-06
7.877e-06
7.499e-06
7.699e-06
7.742e-06
7.718e-06
7.323e-06
7.353e-06
7.757e-06
8.191e-06
8.148e-06
8.463e-06
8.337e-06
8.712e-06
8.623e-06
8.907e-06
9.124e-06
9.286e-06
9.612e-06
9.55e-06
9.17e-06
8.806e-06
8.807e-06
8.796e-06
8.367e-06
7.622e-06
7.754e-06
7.816e-06
7.953e-06
7.91e-06
8e-06
7.676e-06
8.164e-06
8.284e-06
8.207e-06
8.221e-06
8.623e-06
8.196e-06
7.709e-06
7.705e-06
7.392e-06
7.415e-06
7.289e-06
7.426e-06
7.714e-06
7.769e-06
7.778e-06
7.713e-06
6.7e-06
6.932e-06
7.24e-06
7.342e-06
7.944e-06
7.499e-06
7.497e-06
7.472e-06
7.856e-06
7.844e-06
7.663e-06
7.144e-06
7.211e-06
7.44e-06
7.477e-06
7.619e-06
7.689e-06
7.362e-06
7.421e-06
6.812e-06
6.921e-06
7.006e-06
6.695e-06
6.766e-06
6.375e-06
6.899e-06
6.725e-06
6.577e-06
6.711e-06
6.933e-06
7.037e-06
7.029e-06
7.391e-06
7.787e-06
7.758e-06
7.142e-06
6.92e-06
7.754e-06
7.943e-06
7.777e-06
7.921e-06
7.537e-06
7.878e-06
7.935e-06
8.126e-06
7.797e-06
7.513e-06
7.387e-06
6.388e-06
5.923e-06
5.934e-06
6.016e-06
6.212e-06
6.779e-06
6.173e-06
6.248e-06
6.326e-06
6.249e-06
6.32e-06
6.57e-06
7.237e-06
7.582e-06
7.444e-06
7.28e-06
7.471e-06
7.661e-06
7.58e-06
7.516e-06
7.626e-06
7.527e-06
7.225e-06
7.863e-06
7.465e-06
7.214e-06
6.321e-06
6.48e-06
6.465e-06
6.268e-06
6.718e-06
6.834e-06
7.301e-06
7.234e-06
7.369e-06
7.533e-06
7.593e-06
7.496e-06
7.133e-06
7.204e-06
7.552e-06
8.044e-06
8.198e-06
8.019e-06
8.137e-06
7.881e-06
7.328e-06
8.075e-06
8.235e-06
8.07e-06
8.17e-06
8.149e-06
8.226e-06
8.286e-06
8.428e-06
8.211e-06
8.233e-06
8.283e-06
8.07e-06
8.278e-06
7.943e-06
7.69e-06
7.955e-06
8.162e-06
8.507e-06
8.597e-06
8.405e-06
8.154e-06
8.103e-06
8.884e-06
9.407e-06
9.512e-06
9.616e-06
9.802e-06
9.748e-06
9.971e-06
9.928e-06
9.769e-06
1.009e-05
9.722e-06
9.868e-06
9.696e-06
9.49e-06
9.754e-06
9.989e-06
9.662e-06
1.0217e-05
1.0225e-05
1.0232e-05
1.0867e-05
1.1117e-05
1.1339e-05
1.1495e-05
1.1239e-05
1.112e-05
1.1955e-05
1.1556e-05
1.2122e-05
1.2811e-05
1.2525e-05
1.3017e-05
1.4013e-05
1.4192e-05
1.4154e-05
1.4982e-05
1.6283e-05
1.6249e-05
1.6279e-05
1.6406e-05
1.6429e-05
1.643e-05
1.626e-05
1.5713e-05
1.518e-05
1.5306e-05
1.5222e-05
1.5765e-05
1.5989e-05
1.5926e-05
1.5688e-05
1.3816e-05
1.3614e-05
1.3166e-05
1.2781e-05
1.2463e-05
1.2776e-05
1.2762e-05
1.2579e-05
1.2901e-05
1.3106e-05
1.3688e-05
1.3752e-05
1.3333e-05
1.4134e-05
1.44e-05
1.4902e-05
1.5412e-05
1.5769e-05
1.5367e-05
1.5507e-05
1.6079e-05
1.6266e-05
1.6698e-05
1.6643e-05
1.6796e-05
1.7401e-05
1.6933e-05
1.6838e-05
1.6841e-05
1.6724e-05
1.7164e-05
1.7235e-05
1.7154e-05
1.7178e-05
1.7246e-05
1.7404e-05
1.8141e-05
1.836e-05
1.8328e-05
1.805e-05
1.7778e-05
1.7443e-05
1.7625e-05
1.7548e-05
1.7427e-05
1.7244e-05
1.7753e-05
1.7318e-05
1.6986e-05
1.6827e-05
1.6766e-05
1.6964e-05
1.738e-05
1.7262e-05
1.7121e-05
1.7266e-05
1.7117e-05
1.7725e-05
1.7468e-05
1.8159e-05
1.8461e-05
1.7486e-05
1.7778e-05
1.708e-05
1.7069e-05
1.7146e-05
1.6623e-05
1.6629e-05
1.7147e-05
1.7137e-05
1.7458e-05
1.7037e-05
1.757e-05
1.8327e-05
1.917e-05
1.909e-05
1.8546e-05
1.8444e-05
1.8231e-05
1.8281e-05
1.8648e-05
1.7904e-05
1.816e-05
1.6665e-05
1.6555e-05
1.7676e-05
1.7771e-05
1.7626e-05
1.814e-05
1.9011e-05
1.9071e-05
1.8597e-05
1.8445e-05
1.8557e-05
1.8773e-05
1.9009e-05
2.0837e-05
2.1313e-05
2.1351e-05
2.1628e-05
2.1671e-05
2.1506e-05
2.1413e-05
2.2089e-05
2.2653e-05
2.2733e-05
2.2341e-05
2.1798e-05
2.1535e-05
2.1345e-05
2.1773e-05
2.163e-05
2.1542e-05
2.2399e-05
2.288e-05
2.2651e-05
2.3056e-05
2.2391e-05
2.2797e-05
2.2747e-05
2.2737e-05
2.3412e-05
2.3002e-05
2.279e-05
2.314e-05
2.3058e-05
2.2696e-05
2.3103e-05
2.3229e-05
2.3737e-05
2.3828e-05
2.3615e-05
2.3547e-05
2.3446e-05
2.3733e-05
2.3251e-05
2.3345e-05
2.2706e-05
2.26e-05
2.2762e-05
2.334e-05
2.2771e-05
2.2392e-05
2.2176e-05
2.1342e-05
2.1785e-05
2.1676e-05
2.1118e-05
2.0442e-05
1.9713e-05
1.9674e-05
1.9177e-05
1.942e-05
1.9698e-05
2.0017e-05
1.9759e-05
2.05e-05
2.0776e-05
2.1245e-05
2.179e-05
2.3069e-05
2.3186e-05
2.3921e-05
2.3915e-05
2.4024e-05
2.3615e-05
2.4997e-05
2.5177e-05
2.4841e-05
2.4421e-05
2.4638e-05
2.4906e-05
2.6164e-05
2.6066e-05
2.5702e-05
2.5802e-05
2.5737e-05
2.588e-05
2.5573e-05
2.5236e-05
2.517e-05
2.56e-05
2.5347e-05
2.5216e-05
2.531e-05
2.5086e-05
2.5816e-05
2.6152e-05
2.7654e-05
2.7617e-05
2.7478e-05
2.849e-05
2.8104e-05
2.6622e-05
2.8031e-05
2.717e-05
2.6348e-05
2.6903e-05
2.6366e-05
2.796e-05
2.7509e-05
2.7037e-05
2.7248e-05
2.7619e-05
2.7361e-05
2.7615e-05
2.7781e-05
2.7634e-05
2.827e-05
3.0025e-05
3.0657e-05
3.0656e-05
3.0851e-05
3.023e-05
3.065e-05
3.1036e-05
2.9805e-05
3.0271e-05
2.8544e-05
2.928e-05
3.0263e-05
3.0794e-05
3.0494e-05
3.0281e-05
2.9642e-05
2.8633e-05
2.9082e-05
2.9354e-05
2.939e-05
2.8127e-05
2.8351e-05
2.8141e-05
2.8184e-05
2.8166e-05
2.7499e-05
2.7141e-05
2.6489e-05
2.6526e-05
2.7525e-05
2.807e-05
2.8391e-05
2.829e-05
2.8375e-05
2.7802e-05
2.7343e-05
2.7324e-05
2.6428e-05
2.6127e-05
2.6314e-05
2.5899e-05
2.6217e-05
2.4686e-05
2.4573e-05
2.4535e-05
2.4733e-05
2.4544e-05
2.4273e-05
2.3882e-05
2.431e-05
2.3744e-05
2.4048e-05
2.3946e-05
2.3777e-05
2.4256e-05
2.4458e-05
2.4346e-05
2.4549e-05
2.5189e-05
2.4904e-05
2.4238e-05
2.4339e-05
2.3545e-05
2.4034e-05
2.395e-05
2.3798e-05
2.424e-05
2.4143e-05
2.3811e-05
2.4053e-05
2.4091e-05
2.428e-05
2.4523e-05
2.3614e-05
2.4672e-05
2.3734e-05
2.3951e-05
2.3624e-05
2.2838e-05
2.2793e-05
2.2558e-05
2.281e-05
2.3742e-05
2.3851e-05
2.2957e-05
2.3565e-05
2.3593e-05
2.3411e-05
2.2913e-05
2.3709e-05
2.3947e-05
2.4469e-05
2.4728e-05
2.4237e-05
2.3688e-05
2.402e-05
2.5183e-05
2.6231e-05
2.7029e-05
2.6947e-05
2.6061e-05
2.6591e-05
2.6633e-05
2.6322e-05
2.6302e-05
2.6342e-05
2.6487e-05
2.6804e-05
2.7481e-05
2.6988e-05
2.7266e-05
2.6694e-05
2.6969e-05
2.6688e-05
2.7138e-05
2.7578e-05
2.7702e-05
2.8053e-05
2.8852e-05
2.7635e-05
2.7866e-05
2.8027e-05
2.6908e-05
2.7092e-05
2.7509e-05
2.728e-05
2.8354e-05
2.8367e-05
2.8677e-05
2.7032e-05
2.8464e-05
2.7914e-05
2.7288e-05
2.7556e-05
2.8392e-05
2.8646e-05
2.9105e-05
2.9354e-05
2.9253e-05
3.0037e-05
3.0429e-05
3.0625e-05
3.0361e-05
2.9754e-05
3.0021e-05
2.9843e-05
2.8965e-05
2.958e-05
2.9496e-05
2.9069e-05
2.8405e-05
2.8732e-05
2.9527e-05
2.9769e-05
3.0488e-05
3.174e-05
3.0445e-05
3.0264e-05
2.9845e-05
2.9176e-05
2.9226e-05
2.9154e-05
2.9874e-05
2.927e-05
2.8289e-05
2.8477e-05
2.8817e-05
2.8629e-05
2.9151e-05
3.0544e-05
3.0555e-05
3.0292e-05
2.9952e-05
3.0166e-05
3.0427e-05
2.9719e-05
3.0842e-05
3.0793e-05
3.0599e-05
3.1164e-05
3.0817e-05
2.9593e-05
3.0133e-05
3.0569e-05
3.0071e-05
3.01e-05
2.999e-05
3.0068e-05
3.0058e-05
3.0881e-05
3.0934e-05
3.1091e-05
3.0801e-05
3.16e-05
3.1231e-05
3.0536e-05
3.0995e-05
3.107e-05
3.1029e-05
3.085e-05
3.0531e-05
2.9788e-05
2.9473e-05
2.8024e-05
2.821e-05
2.8656e-05
2.8387e-05
2.7892e-05
2.7824e-05
2.8237e-05
2.8337e-05
2.9268e-05
2.9007e-05
3.0552e-05
3.0334e-05
3.102e-05
3.0996e-05
3.1683e-05
3.1488e-05
3.141e-05
3.1279e-05
3.0699e-05
3.2065e-05
3.1862e-05
3.2056e-05
3.2499e-05
3.2798e-05
3.2753e-05
3.2602e-05
3.1618e-05
3.3256e-05
3.3451e-05
3.3303e-05
3.3582e-05
3.3395e-05
3.3959e-05
3.185e-05
3.2519e-05
3.1795e-05
3.2005e-05
3.1962e-05
3.1123e-05
3.1328e-05
3.0409e-05
3.0535e-05
3.0712e-05
2.9879e-05
2.8439e-05
2.7973e-05
2.798e-05
2.7777e-05
2.8032e-05
2.8657e-05
3.1183e-05
3.073e-05
3.0901e-05
3.1176e-05
3.0509e-05
3.0569e-05
3.0135e-05
3.0452e-05
3.1321e-05
3.0594e-05
3.0501e-05
3.0413e-05
3.0242e-05
3.0359e-05
2.9695e-05
2.9457e-05
2.9611e-05
2.9571e-05
2.9875e-05
3.0731e-05
3.1281e-05
3.045e-05
2.9827e-05
3.0042e-05
3.0113e-05
2.9493e-05
2.8884e-05
2.9405e-05
2.8965e-05
2.9701e-05
2.8802e-05
2.8613e-05
2.8664e-05
2.9344e-05
2.9775e-05
2.9077e-05
2.832e-05
2.7976e-05
2.7786e-05
2.7786e-05
