3e-09
7e-09
2.7e-08
4.9e-08
6.6e-08
1.52e-07
2.3e-07
2.5e-07
2.68e-07
3.1e-07
3.51e-07
4.9e-07
4.92e-07
5.8e-07
8.11e-07
8.92e-07
8.37e-07
1.015e-06
1.139e-06
1.214e-06
1.031e-06
9.87e-07
7.98e-07
7.43e-07
7.46e-07
8.71e-07
8.08e-07
7.19e-07
8.1e-07
8.87e-07
7.1e-07
6.93e-07
5.21e-07
4.16e-07
4.54e-07
5.03e-07
5.1e-07
5.72e-07
4.69e-07
5.37e-07
5e-07
4.98e-07
3.7e-07
4.57e-07
4.31e-07
4.78e-07
4.68e-07
4.04e-07
3.29e-07
2.37e-07
2.49e-07
1.98e-07
2.32e-07
2.99e-07
2.92e-07
3.02e-07
3.18e-07
3.11e-07
2.9e-07
2.75e-07
3.25e-07
4.42e-07
5.61e-07
5.69e-07
6.04e-07
6.65e-07
6.62e-07
7.32e-07
9.04e-07
1.002e-06
1.135e-06
1.197e-06
1.194e-06
1.198e-06
1.122e-06
1.013e-06
1.047e-06
1.01e-06
9.81e-07
1.026e-06
9.7e-07
9.14e-07
1.124e-06
1.175e-06
1.254e-06
1.448e-06
1.267e-06
1.339e-06
1.552e-06
1.587e-06
1.515e-06
1.536e-06
1.486e-06
1.536e-06
1.625e-06
1.587e-06
1.7e-06
1.74e-06
1.724e-06
1.829e-06
2.062e-06
2.225e-06
2.301e-06
2.427e-06
2.318e-06
2.72e-06
3.059e-06
3.24e-06
3.224e-06
3.2e-06
3.255e-06
3.523e-06
3.574e-06
3.466e-06
3.455e-06
3.835e-06
4.085e-06
4.288e-06
4.135e-06
4.007e-06
3.985e-06
3.665e-06
3.627e-06
3.641e-06
3.954e-06
4.182e-06
4.203e-06
3.978e-06
4.089e-06
4.424e-06
5.097e-06
4.787e-06
4.823e-06
4.87e-06
5.001e-06
4.855e-06
4.879e-06
4.679e-06
5.225e-06
5.627e-06
6.488e-06
6.286e-06
6.023e-06
6.406e-06
6.678e-06
6.601e-06
6.447e-06
6.576e-06
6.363e-06
6.53e-06
6.577e-06
6.268e-06
6.468e-06
6.662e-06
6.516e-06
6.502e-06
6.493e-06
7.124e-06
7.758e-06
8.406e-06
7.638e-06
7.349e-06
7.317e-06
6.753e-06
6.39e-06
6.242e-06
5.966e-06
5.866e-06
5.716e-06
5.478e-06
5.404e-06
5.678e-06
5.516e-06
5.365e-06
5.263e-06
4.935e-06
5.031e-06
4.795e-06
4.755e-06
4.839e-06
5.13e-06
5.352e-06
5.228e-06
5.041e-06
5.443e-06
5.768e-06
6.36e-06
6.024e-06
6.384e-06
6.774e-06
6.95e-06
7.009e-06
6.647e-06
6.67e-06
6.784e-06
7.044e-06
6.5e-06
6.983e-06
7.533e-06
7.995e-06
7.911e-06
7.73e-06
7.501e-06
7.825e-06
7.967e-06
8.155e-06
7.643e-06
7.423e-06
7.067e-06
6.417e-06
6.205e-06
6.311e-06
6.586e-06
6.819e-06
7.129e-06
6.936e-06
6.373e-06
5.915e-06
5.636e-06
5.392e-06
5.603e-06
5.346e-06
5.349e-06
5.361e-06
5.195e-06
4.648e-06
4.59e-06
4.367e-06
3.903e-06
3.839e-06
3.721e-06
3.555e-06
3.561e-06
3.61e-06
3.214e-06
3.018e-06
2.849e-06
2.735e-06
2.606e-06
2.8e-06
2.768e-06
2.609e-06
2.624e-06
2.596e-06
2.567e-06
2.563e-06
2.562e-06
2.467e-06
2.337e-06
2.305e-06
2.244e-06
2.25e-06
2.119e-06
2.015e-06
1.904e-06
1.992e-06
2.006e-06
1.997e-06
2.166e-06
2.23e-06
2.271e-06
2.349e-06
2.382e-06
2.194e-06
2.056e-06
1.992e-06
2.034e-06
1.994e-06
2.019e-06
2.143e-06
2.025e-06
2.045e-06
1.997e-06
1.902e-06
1.974e-06
2.152e-06
2.201e-06
2.546e-06
2.693e-06
3.042e-06
2.823e-06
2.736e-06
2.701e-06
2.814e-06
2.761e-06
2.584e-06
2.533e-06
2.57e-06
2.749e-06
2.912e-06
3.069e-06
2.99e-06
3.123e-06
2.771e-06
2.412e-06
2.33e-06
2.437e-06
2.427e-06
2.516e-06
2.813e-06
2.8e-06
2.925e-06
2.834e-06
2.501e-06
2.376e-06
2.44e-06
2.637e-06
2.85e-06
3.01e-06
3.262e-06
3.231e-06
3.005e-06
3.102e-06
3.243e-06
3.154e-06
3.371e-06
3.51e-06
3.938e-06
4.162e-06
4.275e-06
4.632e-06
4.398e-06
4.043e-06
3.928e-06
4.425e-06
4.854e-06
5.227e-06
5.637e-06
5.995e-06
6.087e-06
6.086e-06
6.507e-06
6.519e-06
6.275e-06
5.767e-06
6.494e-06
6.467e-06
6.284e-06
6.21e-06
6.453e-06
6.638e-06
6.522e-06
6.528e-06
6.481e-06
6.494e-06
6.514e-06
6.535e-06
6.489e-06
6.505e-06
6.483e-06
6.517e-06
6.564e-06
6.583e-06
6.638e-06
6.612e-06
6.625e-06
6.641e-06
6.677e-06
6.637e-06
6.741e-06
6.35e-06
6.59e-06
6.578e-06
6.413e-06
6.708e-06
6.643e-06
6.799e-06
6.948e-06
6.963e-06
6.943e-06
7.027e-06
7.437e-06
7.559e-06
7.585e-06
7.549e-06
7.421e-06
7.427e-06
7.619e-06
8.061e-06
8.669e-06
8.697e-06
8.874e-06
9.486e-06
1.0439e-05
1.1232e-05
1.1632e-05
1.1582e-05
1.2573e-05
1.3223e-05
1.4111e-05
1.416e-05
1.3808e-05
1.5005e-05
1.5765e-05
1.6777e-05
1.7771e-05
1.7498e-05
1.7211e-05
1.706e-05
1.6945e-05
1.7142e-05
1.8289e-05
1.9114e-05
2.0239e-05
2.006e-05
2.1181e-05
2.0477e-05
1.9998e-05
2.0621e-05
2.0121e-05
2.0558e-05
2.1363e-05
2.2686e-05
2.1964e-05
2.2815e-05
2.3307e-05
2.3928e-05
2.3938e-05
2.5003e-05
2.5435e-05
2.6438e-05
2.6124e-05
2.6604e-05
2.6621e-05
2.7668e-05
2.7696e-05
2.7895e-05
2.8869e-05
2.9867e-05
3.0696e-05
3.0493e-05
3.181e-05
3.2824e-05
3.4072e-05
3.4151e-05
3.5178e-05
3.6573e-05
3.7884e-05
3.7412e-05
3.8305e-05
3.7998e-05
3.8506e-05
3.8567e-05
3.7429e-05
3.8806e-05
4.0591e-05
4.1189e-05
4.104e-05
4.2756e-05
4.4219e-05
4.3451e-05
4.3754e-05
4.536e-05
4.6709e-05
4.8386e-05
4.7565e-05
4.8524e-05
4.8532e-05
5.0104e-05
4.9816e-05
5.1129e-05
5.13e-05
5.167e-05
5.2789e-05
5.2938e-05
5.445e-05
5.6474e-05
5.7595e-05
5.7844e-05
5.9136e-05
6.1293e-05
6.2471e-05
6.2183e-05
6.2342e-05
6.1116e-05
6.0495e-05
6.1014e-05
6.2024e-05
6.313e-05
6.3118e-05
6.4832e-05
6.5562e-05
6.5923e-05
6.819e-05
7.067e-05
7.1701e-05
7.236e-05
7.4414e-05
7.7287e-05
7.9116e-05
7.9358e-05
8.029e-05
8.0019e-05
7.8467e-05
7.8477e-05
7.8897e-05
8.0799e-05
8.1914e-05
8.3461e-05
8.3843e-05
8.4524e-05
8.6807e-05
8.9124e-05
9.0784e-05
9.0209e-05
9.113e-05
9.2893e-05
9.4631e-05
9.5219e-05
9.567e-05
9.7776e-05
9.9675e-05
0.000101947
0.000101006
0.000100359
0.000102598
0.000102634
0.000103773
0.000103715
0.000105127
0.000107166
0.000104601
0.000105022
0.000104893
0.000104259
0.000105732
0.000104939
0.000105931
0.000106384
0.000108391
0.000110785
0.000110261
0.000109968
0.00011141
0.000113505
0.000115521
0.000113766
0.000113628
0.000112787
0.000114209
0.000116505
0.000116576
0.000116058
0.0001168
0.000118005
0.000120878
0.000120101
0.00012013
0.000120232
0.000121655
0.000124484
0.00012815
0.000127434
0.000127222
0.000126611
0.000128288
0.000129394
0.00013007
0.000129606
0.000129894
0.0001289
0.00012754
0.000127331
0.000129486
0.000128579
0.000131139
0.000132155
0.000134473
0.000134127
0.000134346
0.000134154
0.000136986
0.000141252
0.000142299
0.000141068
0.000141879
0.000143762
0.000146419
0.000150685
0.000150595
0.000149311
0.000151734
0.000154247
0.000153327
0.000151327
0.000149191
0.000151297
0.000151242
0.000153537
0.000156136
0.000158578
0.000160344
0.000159818
0.000160464
0.000160891
0.000158822
0.000156318
0.00015549
0.000155414
0.00015575
0.000156749
0.000159864
0.000162866
0.000164423
0.000163874
0.000164866
0.00016418
0.000166632
0.000169148
0.000169943
0.000169722
0.000168015
0.000169392
0.000170172
0.000168765
0.000171391
0.000171668
0.000170943
0.000173019
0.000174847
0.000178372
0.000176459
0.000177726
0.000177445
0.000180193
0.000181171
0.000180827
0.000181211
0.000182728
0.000181203
0.000180748
0.00017984
0.000178398
0.000178888
0.000177771
0.000175594
0.000174318
0.000171439
0.000173354
0.000172034
0.000173529
0.000175861
0.000178515
0.000180831
0.000180061
0.000179099
0.000178701
0.00018037
0.00018116
0.000179174
0.000181176
0.000180059
0.000181457
0.000184491
0.000188182
0.000186605
0.000183897
0.000184474
0.000187448
0.000190363
0.000191653
0.000192879
0.000192612
0.000195833
0.000196363
0.000195941
0.000199152
0.000199944
0.00020128
0.000202096
0.000205567
0.000207606
0.000210367
0.000209558
0.000209732
0.000208492
0.000205391
0.000205867
0.000205541
0.000205436
0.000204354
0.000205432
0.00020636
0.000204993
0.000204115
0.000205029
0.000207438
0.000210929
0.000214843
0.000212678
0.000213758
0.000213916
0.000215215
0.000216878
0.000214254
0.000214011
0.000213139
0.00021499
0.00021613
0.000215227
0.000215711
0.000213688
0.000211944
0.000214206
0.000214097
0.000214671
0.000214079
0.000213539
0.000213872
0.000211602
0.000213402
0.00021406
0.000212372
0.000213914
0.000214798
0.000216866
0.000216011
0.000215626
0.000216238
0.000217003
0.000215634
0.000213597
0.000210357
0.00021347
0.000213873
0.000212291
0.000210048
0.000211912
0.000209585
0.000210657
0.000212667
0.000215478
0.000217243
0.000215967
0.000218048
0.000217471
0.000219612
0.000220361
0.000220324
0.000221312
0.000222015
0.000221316
0.000222699
0.000225393
0.000227363
0.000231515
0.000230919
0.000231001
0.000228662
0.000224293
0.000222513
0.000226641
0.000226113
0.000224781
0.000227055
0.000230967
0.000232374
0.000234614
0.00023422
0.000233739
0.000235243
0.000237453
0.000240548
0.000240185
0.000238015
0.000238519
0.000236388
0.000238603
0.000240405
0.000242479
0.000240608
0.000240732
0.000241197
0.000237601
0.000234181
0.00023109
0.00023428
0.000234795
0.000232988
0.000237431
0.00023826
0.000241758
0.000240631
0.000241061
0.000238346
0.000234613
0.000233822
0.000234104
0.000235859
0.000234686
0.0002341
0.000231153
0.00023029
0.000227203
0.000229448
0.000230371
0.000229427
0.000228641
0.000229746
0.000231012
0.000230426
0.000231225
0.000232615
0.000235596
0.000235346
0.000234823
0.00023773
0.000236388
0.000235154
0.000234179
0.000235797
0.000232925
0.000238021
0.000237491
0.000235842
0.000233618
0.000233473
0.000232091
0.000233368
0.00023498
0.000237483
0.000239507
0.000241184
0.000239779
0.00023943
0.000242517
0.000244964
0.000249256
0.000246433
0.000246283
0.000245393
0.000245186
0.000243362
0.000244992
0.00024488
0.000245874
0.000244171
0.00024376
0.000246918
0.000250969
0.00025037
0.000251687
0.000248891
0.000250949
0.000252493
0.000252127
0.000252297
0.000251565
0.000253888
0.000258236
0.000261931
0.00026682
0.000266936
0.00026633
0.000267809
0.000270437
0.000269912
0.000268706
0.000269126
0.000267291
0.000269607
0.000272706
0.000275227
0.000275196
0.000276065
0.000277989
0.000280165
0.000279024
0.00027752
0.000277756
0.000276961
0.000279946
0.000284188
0.000286705
0.000286334
0.000292926
0.000292187
0.000290511
0.000288983
0.000290116
0.000293252
0.000289708
0.000292079
0.000292167
0.000292494
0.000292573
0.000292852
0.000293174
0.000293689
0.000293694
0.000293729
0.000293835
0.000294008
0.000294122
0.000294272
0.000294692
0.00029498
0.000294803
0.000295328
0.000295205
0.000297998
0.000296887
0.000295719
0.00029797
0.000298242
0.000298103
0.000299139
0.000298055
0.000299813
0.000300007
0.000300204
0.000301647
0.000302391
0.00030147
0.000302692
0.000300612
0.00030092
0.000301288
0.000296787
0.000298406
0.000296333
0.000300611
0.000302979
0.000309911
0.000309981
0.000310846
0.000311038
0.00030876
0.000311682
0.000317001
0.000320502
0.000320623
0.000321032
0.000323183
0.000326282
0.000330168
0.000331715
0.000332837
0.000331967
0.00033425
0.000332173
0.000327152
0.0003285
0.000331341
0.000329681
0.000327081
0.000324495
0.000324134
0.000323145
0.00032096
0.000324661
0.000329265
0.000334138
0.000332739
0.000333546
0.000332842
0.000334968
0.000337862
0.000341339
0.000341277
0.00034212
0.000340936
0.00033548
0.000335666
0.000338083
0.000338645
0.00033632
0.000337783
0.000339562
0.000337933
0.000338773
0.000341394
0.000338664
0.000336174
0.00033757
0.0003388
0.000341333
0.000338639
0.000342352
0.000345292
0.000344591
0.000342618
0.000345599
0.000349824
0.000355103
0.000358594
0.000359065
0.000360589
0.000362306
0.000362944
0.00036115
0.00036181
0.000362055
0.00036251
0.000361312
0.000365404
0.00036777
0.000373205
0.000374188
0.000373293
0.000374553
0.000376338
0.000378485
0.000377541
0.000381129
0.000378716
0.0003765
0.00037481
0.0003763
0.000378568
0.000376805
0.000379145
0.000380944
0.000382692
0.000379609
0.000380514
0.000380727
0.000384351
0.000386928
0.000391537
0.000390258
0.000391642
0.000391554
0.00039526
0.000396655
0.000392162
0.000394028
0.000393074
0.000396207
0.00039881
0.000404466
0.000400893
0.000402319
0.00040356
0.000400934
0.000402603
0.000405434
0.000404098
0.000407449
0.000411672
0.000414018
0.000414558
0.000415289
0.000414847
0.000419809
0.000424792
0.000423909
0.000427204
0.000425165
0.000424377
0.000427221
0.000428439
0.000430853
0.000433162
0.000435708
0.000436228
0.000434375
0.000439699
0.000435972
0.000435741
0.000438221
0.000439286
0.000439931
0.000437566
0.000435728
0.000431583
0.000432697
0.00043411
0.000437149
0.000438035
0.000439765
0.00044071
0.000438783
0.000434226
0.00043051
0.000432022
0.000430508
0.000431803
0.000435443
0.000442331
0.000446652
0.000451612
0.000453041
0.000448863
0.00045277
0.000456495
0.000458961
0.000456677
0.000455127
0.000455761
0.000454295
0.0004524
0.000455604
0.00045333
0.000456456
0.000459822
0.000458414
0.000460532
0.000460473
0.000460116
0.000460235
0.000459378
0.000460216
0.00046135
0.000466978
0.000469331
0.000465207
0.000468172
0.000463597
0.000466251
0.000469908
0.000470858
0.000469443
0.000469515
0.000470155
0.000467539
0.000466728
0.000468483
0.00046836
0.000467765
0.000471702
0.000475572
0.000478921
0.000478732
0.000479816
0.000479714
0.000477195
0.000475133
0.000477234
0.000478127
0.000475291
0.000475373
0.000476857
0.000479457
0.000477163
0.000475797
0.000472455
0.000472566
0.000471306
0.000467888
0.000470813
0.000474569
0.000474476
0.000472492
0.000469878
0.000472523
0.000474738
0.000475608
0.00047559
0.00047045
0.000473293
0.000474832
0.000479485
0.000476587
0.000475451
0.000476406
0.000479595
0.000476331
0.000477414
0.000476046
0.000476601
0.000480318
0.000482831
0.000485576
0.000488776
0.00048682
0.000489782
0.000490856
0.000491263
0.000490656
0.000495849
0.000497504
0.000500987
0.00050281
0.000504618
0.000504905
0.000501984
0.000504124
0.000501244
0.000503763
0.000504933
0.000505446
0.000509613
0.000513645
0.000518288
0.000520116
0.000519576
0.000513343
0.000509376
0.000508883
0.000513231
0.000512623
0.000511952
0.000508175
0.000502754
0.000503363
0.000504684
0.00050193
0.000500528
0.000504145
0.000503069
0.000503542
0.00050632
0.000509711
0.000514792
0.00051335
0.000511298
0.000508064
0.00051349
0.000517273
0.000516448
0.000518649
0.000517649
0.000520488
0.000525162
0.000520806
0.000522855
0.000520754
0.00051635
0.000514372
0.000515742
0.000517226
0.000517608
0.000519875
0.000523118
0.000525425
0.000523138
0.000522312
0.000521747
0.000521914
0.000521356
0.000523933
0.000525499
0.000522066
0.000519543
0.000514628
0.000512994
0.000513217
0.00050985
0.000507526
0.000503226
0.000506132
0.000504606
0.000508567
0.00051151
0.000514737
0.000517917
0.000519245
0.000516751
0.000520959
0.000524131
0.000525742
0.000524636
0.000523216
0.000521035
0.000524418
0.000530698
0.00052687
0.000530474
0.000525809
0.000523069
0.000524052
0.000526783
0.000522954
0.000520619
0.000523708
0.000527674
0.000525957
0.000527345
0.000529665
0.000526544
0.000524095
0.000527831
0.000527661
0.000528989
0.000529862
0.000526828
0.000527892
0.000529287
0.000527418
0.000524048
0.000520269
0.000523422
0.000524599
0.000522637
0.000527679
0.000532389
0.000535762
0.000533387
0.000532461
0.000534419
0.00053842
0.000541477
0.00054537
0.0005429
0.0005405
0.000537071
0.000537623
0.000541305
0.000538939
0.000540028
0.00053949
0.000542391
0.000541275
0.000545431
0.000545209
0.000542033
0.000546237
0.000548176
0.000549031
0.000547639
0.000546744
0.000545181
0.000544317
0.000542815
0.000544721
0.000544771
0.000547818
0.000550818
0.000556838
0.000558181
0.000556742
0.000553866
0.000550772
0.000550912
0.00055223
0.000551996
0.000551377
0.000554203
0.000561261
0.000570724
0.000569903
0.000574298
0.000579946
0.000580911
0.000580486
0.00057991
0.000581128
0.000578603
0.000582138
0.000583862
0.000581563
0.000583164
0.000579662
0.000576151
0.000578538
0.000586455
0.000585946
0.000590744
0.000596362
0.000597128
0.000599014
0.000599955
0.000601542
0.000601783
0.000599029
0.000600811
0.000601453
0.00060252
0.000597781
0.000598751
0.000596725
0.000594576
0.000599958
0.000603443
0.000604911
0.000610207
0.000603682
0.000611816
0.000611564
0.000610493
0.000616676
0.000611562
0.000616797
0.000613511
0.000611704
0.000615775
0.000618106
0.0006119
0.000614337
0.000617497
0.00061701
0.000616609
0.000613799
0.000619785
0.000621036
0.000623809
0.00062184
0.000625733
0.000624574
0.000629497
0.000632857
0.000641961
0.000641512
0.000636865
0.000630209
0.000625292
0.000618921
0.000621753
0.000625748
0.000618548
0.000624057
0.000624989
0.000627614
0.000630165
0.000629022
0.000639613
0.000641486
0.000648776
0.00065765
0.000657353
0.000657887
0.000660295
0.00065643
0.000654163
0.000655934
0.00065796
0.000660776
0.000661089
0.000668937
0.00066487
0.000660798
0.00066144
0.000661599
0.000662602
0.000662048
0.000662486
0.000665723
0.000662685
0.00065633
0.00065211
0.000644011
0.000643166
0.000650652
0.000648863
0.000644461
0.000643269
0.000643077
0.000640621
0.000642832
0.000638559
0.000640205
0.000643312
0.000644098
0.000638553
0.000642449
0.000642306
0.000639195
0.000635918
0.00063536
0.000636628
0.000638779
0.000642288
0.000637013
0.00063389
0.000632287
0.000630006
0.000624557
0.000624509
0.000629798
0.000627277
0.000622455
0.000618838
0.000615084
0.000617564
0.000611767
0.000613262
0.000618225
0.000624129
0.000625779
0.000627853
0.000627922
0.000621795
0.000618103
0.00061865
0.000619178
0.000621732
0.000620189
0.000620448
0.000621753
0.000616663
0.000614412
0.000614365
0.000616628
0.000616426
0.000617649
0.000620457
0.000615946
0.000610855
0.000610679
0.000611118
0.000609417
0.000613933
0.000613752
0.000607108
0.000601689
0.000596015
0.000601249
0.000603643
0.000605975
0.000605593
0.000600082
0.000598648
0.000597122
0.000596968
0.000600449
0.000598401
0.000594882
0.000592974
0.000595331
0.000597317
0.000600095
0.00059719
0.000600121
0.000601716
0.0005969
0.000593267
0.000593419
0.000594367
0.000595096
0.000597639
0.000592765
0.000590543
0.000592311
0.000591693
0.000586133
0.000585792
0.000587082
0.000582265
0.000578946
0.000578144
0.000578798
0.000579696
0.000580204
0.000584838
0.000581984
0.000580093
0.000584285
0.000582801
0.000585041
0.000583397
0.000587318
0.000587735
0.000583922
0.000581182
0.000581208
0.00058058
0.000581481
0.000582867
0.000582183
0.000579288
0.00058415
0.00058149
0.000575398
0.000574121
0.000577577
0.000575485
0.000571612
0.000571143
0.000571276
0.000571998
0.000571279
0.000573228
0.000572662
0.000571165
0.000569591
0.000569523
0.000573332
0.000573523
0.000574364
0.000574759
0.000577656
0.000572127
0.000570791
0.000572117
0.000572584
0.000572859
0.000573381
0.000574831
0.000574633
0.000572524
0.000574157
0.000570039
0.000568546
0.000564508
0.000567665
0.000563252
0.000563493
0.000564602
0.000564739
0.000564517
0.000565932
0.000566649
0.000569152
0.000563827
0.000563307
0.000566305
0.000565174
0.000562474
0.000560384
0.000563622
0.000562887
0.000557529
0.000556329
0.000556826
0.000558297
0.000560616
0.000560062
0.000563824
0.000561797
0.000559762
0.000561484
0.000559687
0.000555089
0.000554785
0.000554788
0.000549674
0.000548545
0.000549303
0.000550825
0.000550304
0.000553191
0.000548961
0.000548117
0.000552129
0.000554005
0.00055414
0.00055548
0.000554197
0.000556559
0.000556894
0.000552609
0.000548979
0.000549951
0.000550817
0.000550287
0.000555052
0.000553193
0.000548479
0.00054479
0.000540951
0.000534
0.0005367
0.000541023
0.00054111
0.000534575
0.000531497
0.000533512
0.000533385
0.000533306
0.000537169
0.000532947
0.000530792
0.000530498
0.000533642
0.000536151
0.000533711
0.000533642
0.000538769
0.000537555
0.000531841
0.000531159
0.000530785
0.00052979
0.000533613
0.000530853
0.000525642
0.000523807
0.000518166
0.00051587
0.000520738
0.000519916
0.000516635
0.00051192
0.000510341
0.000511106
0.000512907
0.000513491
0.000509766
0.000505819
0.000505614
0.000504672
0.00049955
0.000498279
0.000502509
0.000503876
0.00049992
0.000497843
0.000499535
0.000500135
0.000502951
0.000502422
0.000497621
0.000493359
0.00048932
0.000495033
0.000496155
0.000495719
0.000494626
0.000491713
0.000487471
0.000489556
0.000489888
0.000491398
0.000495918
0.00049201
0.000489233
0.000485901
0.000481756
0.00048033
0.000481151
0.000479343
0.000478749
0.000483038
0.000483772
0.000479685
0.000477796
0.000477898
0.00047796
0.000478057
0.000478265
0.000481302
0.000479813
0.000475402
0.000468754
0.000462847
0.00046487
0.000464281
0.000469566
0.000466212
0.000460628
0.000460103
0.000457693
0.000460796
0.000462524
0.000465637
0.000468918
0.000471804
0.000470257
0.000470706
0.000470974
0.000471134
0.000471198
0.000471094
0.000471173
0.000471427
0.000471123
0.000471432
0.00047179
0.00047208
0.000472239
0.00047256
0.000472706
0.000473205
0.000473546
0.000475494
0.000475682
0.000476411
0.00047805
0.000479064
0.000482241
0.00047946
0.000480043
0.000481701
0.000483245
0.00048549
0.000485661
0.000486205
0.000486466
0.00048681
0.000486655
0.000487029
0.000487078
0.000487176
0.000487318
0.000487191
0.000487207
0.000487578
0.000487733
0.000487666
0.000487483
0.000487621
0.000487936
0.000488096
0.000488416
0.000488466
0.000488942
0.000489101
0.000489307
0.000489605
0.000489534
0.000489471
0.000489741
0.000489943
0.000489758
0.000489971
0.000490016
0.00049032
0.000490581
0.000491201
0.000491322
0.000491211
0.000491403
0.000491904
0.000492028
0.000492046
0.000492205
0.000492346
0.000491922
0.000492246
0.000493705
0.000493827
0.000496203
0.000493967
0.000493013
0.000496304
0.000496872
0.000492332
0.000491101
0.00049189
0.000490148
0.000491623
0.000493732
0.000494272
0.000495413
0.000491974
0.00048678
0.000487435
0.000491817
0.000492197
0.000497117
0.0004946
0.000490064
0.000487885
0.000487335
0.0004881
0.000492144
0.000488967
0.000483807
0.000485409
0.000486916
0.00049173
0.000495917
0.000499774
0.000501945
0.000501966
0.000503039
0.000503771
0.000508246
0.000504225
0.000503081
0.000503613
0.000501332
0.00050509
0.000509057
0.000508883
0.000512544
0.000515928
0.000520654
0.000523698
0.000520239
0.000519932
0.000517467
0.000519666
0.000518652
0.000523274
0.000523815
0.000525849
0.000524264
0.00052006
0.000517437
0.000518037
0.00051611
0.000516357
0.000522108
0.000522712
0.000523025
0.000518251
0.000520373
0.000517047
0.000520497
0.000524579
0.000526571
0.000528372
0.000527973
0.000526994
0.00053296
0.000532517
0.000533562
0.000534771
0.000539593
0.000545391
0.000545722
0.000547398
0.000550749
0.000550521
0.000549396
0.00054922
0.000552613
0.00055708
0.00055691
0.000556552
0.000552819
0.000548009
0.000544651
0.000546679
0.000549104
0.000550009
0.000552934
0.000550009
0.000552242
0.000550416
0.000554593
0.000553139
0.000554015
0.000558119
0.000557898
0.000560047
0.000557096
0.000556171
0.000558845
0.000559222
0.000562831
0.000566214
0.000562613
0.000559728
0.000559173
0.000561093
0.000563174
0.000565032
0.000563407
0.000561719
0.000564161
0.000567143
0.000568723
0.000567259
0.000568941
0.000572907
0.000579455
0.000585163
0.000586069
0.000585589
0.00058903
0.000583925
0.000581109
0.000582712
0.000583594
0.00058052
0.000573179
0.000574248
0.00057431
0.000576064
0.000576563
0.000582735
0.00058095
0.000582897
0.000584166
0.000589219
0.000593491
0.000593973
0.000593224
0.000592169
0.000590923
0.000590308
0.000592053
0.000593441
0.000595024
0.000600729
0.000602574
0.000601118
0.000597141
0.000591883
0.000595829
0.000592573
0.000598198
0.000601053
0.000600494
0.000599948
0.000598657
0.000603297
0.000602665
0.000599066
0.00060208
0.000598224
0.000599082
0.000605293
0.000601281
0.000601179
0.000603851
0.000610049
0.000611983
0.000616166
0.000616628
0.000618096
0.000621107
0.000620479
0.000621185
0.000627201
0.000631775
0.000635444
0.000639602
0.000636845
0.000636483
0.000637736
0.000640843
0.000642455
0.000641943
0.000643249
0.00064157
0.000646493
0.000642821
0.000642013
0.000643963
0.000646363
0.000647501
0.000649892
0.000650739
0.000655068
0.000649678
0.000654504
0.000657945
0.000660102
0.000660523
0.000659693
0.000663574
0.000663957
0.000661998
0.000661613
0.000662778
0.000660682
0.000658603
0.000661379
0.000659695
0.000663671
0.000665817
0.000667206
0.000666419
0.000670778
0.000672146
0.000666919
0.000667895
0.000670934
0.000676446
0.00067669
0.000678251
0.000679797
0.000675034
0.000671378
0.000671215
0.000676857
0.00067959
0.000677278
0.000679283
0.00068166
0.000676568
0.000671213
0.000674096
0.000676424
0.000684697
0.000686178
0.000686885
0.000691902
0.000699946
0.000700456
0.000700766
0.000705554
0.000703911
0.000705048
0.000711326
0.000712537
0.000714081
0.000710852
0.000714838
0.000716718
0.000715912
0.000717779
0.000717841
0.000716881
0.000718698
0.000722455
0.000717552
0.000716674
0.000721244
0.000728926
0.000736652
0.000737246
0.000735805
0.000740158
0.000746598
0.000754793
0.000755573
0.000757048
0.000761779
0.000771858
0.000773426
0.000772395
0.000771159
0.000773825
0.000775396
0.000776335
0.000772326
0.000778351
0.000786335
0.000790103
0.00078827
0.000791346
0.000793274
0.000797697
0.000800807
0.000795644
0.00079292
0.000793472
0.000798326
0.000801387
0.000806734
0.000808794
0.000809253
0.000806198
0.000802133
0.000801448
0.000807705
0.000810791
0.000811374
0.000811628
0.000805273
0.0008081
0.000808042
0.000809079
0.000809711
0.000807027
0.000813689
0.000816251
0.000821328
0.000822601
0.000823692
0.000824841
0.000820159
0.000825353
0.000824098
0.000828343
0.000829923
0.000829728
0.000832853
0.000829182
0.000829799
0.000821693
0.000819906
0.0008171
0.000822062
0.000818729
0.000823901
0.000827087
0.000826631
0.00082418
0.000825696
0.000829604
0.000829752
0.000829725
0.000829109
0.00083398
0.000841589
0.000845158
0.000843353
0.000840888
0.000839228
0.000841192
0.000842203
0.000842282
0.000842739
0.000845644
0.000847171
0.000852815
0.000855865
0.000849151
0.000846319
0.00084683
0.000850862
0.00084422
0.000844572
0.000848239
0.000852678
0.000849095
0.000852198
0.000849499
0.000851897
0.000853439
0.000854231
0.00085957
0.00086024
0.000859622
0.000863066
0.000860665
0.000860995
0.000862854
0.000861698
0.000863175
0.000865701
0.000863898
0.000866564
0.000866442
0.000868658
0.000870342
0.000874324
0.000873553
0.000877372
0.000875382
0.000876221
0.000876041
0.000878266
0.000877344
0.000877266
0.000876473
0.000880899
0.00087463
0.000878066
0.000874753
0.000866928
0.000873277
0.000872975
0.000877689
0.000882314
0.00088173
0.000880534
0.000881618
0.000886009
0.000891295
0.000889218
0.000887365
0.000889673
0.000893656
0.000892154
0.000896897
0.000894003
0.000899168
0.000902184
0.000902749
0.000906553
0.000908507
0.000906939
0.000904136
0.000902966
0.000900794
0.000900503
0.000901823
0.000905539
0.000905936
0.000905046
0.000904447
0.000909816
0.000906714
0.000904927
0.000905119
0.000904463
0.000906708
0.000905794
0.000906557
0.000906245
0.000904007
0.000900148
0.000903498
0.000901854
0.000904537
0.000904508
0.000908676
0.000903201
0.000900874
0.000902507
0.000898535
0.000900498
0.000902946
0.000907669
0.000908096
0.000905257
0.000906326
0.000900415
0.00090388
0.000905537
0.000910781
0.000910598
0.000913117
0.000911056
0.000914367
0.000912828
0.000912011
0.000911056
0.000915276
0.000912649
0.000909626
0.000912139
0.000912214
0.000912467
0.000916693
0.000913958
0.000920509
0.000920588
0.000921465
0.000923576
0.000927589
0.000931474
0.000932474
0.000932079
0.000935566
0.000934731
0.000935383
0.000937783
0.000942499
0.000941937
0.000935127
0.000930729
0.000934262
0.000935289
0.000937048
0.000937775
0.000940866
0.000944407
0.000944162
0.000944939
0.000946538
0.000948188
0.000954063
0.000956704
0.000954824
0.000952255
0.000953178
0.000952065
0.000944467
0.000950942
0.000948419
0.000951508
0.000953592
0.000954173
0.000951058
0.000948853
0.000944201
0.000944458
0.000946404
0.000945034
0.000950733
0.000955942
0.000961669
0.000962128
0.000964558
0.000967177
0.000971756
0.00097154
0.000971356
0.000977548
0.000980557
0.000987336
0.000991603
0.000997452
0.000991724
0.000988387
0.000988301
0.000989199
0.000988017
0.00098728
0.000986498
0.000993401
0.00099436
0.000995579
0.000998191
0.0010011
0.00100187
0.000999183
0.00100766
0.00101513
0.00102192
0.00101971
0.00102384
0.00102747
0.00102479
0.00102893
0.00103065
0.00102995
0.0010364
0.00103496
0.00103742
0.00103672
0.00103882
0.00103485
0.00104101
0.00104572
0.00104394
0.00104565
0.00104628
0.00104934
0.00104663
0.00104655
0.00104341
0.00104688
0.00105101
0.00105478
0.00105845
0.00105848
0.00105672
0.00105855
0.00105448
0.00105859
0.00106147
0.00106399
0.0010646
0.00106472
0.00106338
0.00106186
0.0010581
0.0010565
0.00106348
0.00105559
0.00105003
0.00105534
0.00105385
0.00105468
0.00104721
0.00105207
0.00105216
0.00105638
0.00105699
0.00105962
0.00106638
0.00106973
0.00106887
0.00106629
0.00107088
0.00107662
0.00107764
0.00108033
0.00107738
0.00107066
0.00107333
0.00107514
0.00108333
0.0010804
0.00108601
0.00108875
0.00108708
0.00108866
0.00109052
0.00109178
0.00108706
0.00109444
0.0010924
0.00108759
0.00108958
0.00108053
0.00108793
0.00109242
0.00109008
0.00109796
0.00109904
0.00110699
0.00110176
0.001103
0.00110212
0.00110747
0.00111253
0.00111767
0.00111599
0.00111782
0.00111281
0.00111482
0.00111176
0.00111804
0.00112091
0.00111878
0.00112378
0.00112513
0.00112843
0.00112888
0.00113032
0.00113043
0.0011276
0.00112807
0.00112704
0.00112256
0.00112055
0.00111873
0.00112295
0.00112129
0.00112962
0.0011269
0.00112923
0.00112556
0.00113064
0.00112741
0.00112574
0.00112793
0.00112681
0.00112937
0.00113492
0.00112753
0.0011348
0.00113654
0.00113678
0.00114235
0.00114424
0.00114505
0.00114825
0.0011464
0.00114844
0.0011452
0.0011444
0.00114687
0.00115292
0.00115107
0.00115577
0.00115962
0.00116088
0.00116183
0.00116491
0.00116685
0.00116497
0.0011682
0.00117581
0.00117684
0.00118314
0.00117503
0.00117819
0.00117958
0.00117703
0.00117852
0.00117504
0.00117885
0.00118889
0.00118367
0.0011813
0.00117641
0.00118139
0.00118152
0.00118321
0.00118893
0.00118852
0.00118988
0.00119377
0.00119094
0.00120286
0.0012032
0.00119867
0.0012051
0.00120429
0.00121031
0.0012087
0.00121586
0.00121376
0.0012091
0.00121398
0.0012065
0.00120587
0.00120091
0.00120668
0.00120462
0.00120313
0.0012098
0.00120906
0.00120842
0.0012126
0.00121136
0.00121062
0.00120944
0.00121082
0.00120889
0.00121197
0.00120828
0.00121718
0.00121974
0.00122339
0.00122202
0.00122459
0.00122996
0.00123737
0.00123411
0.00123575
0.00123899
0.00124425
0.00124565
0.00124662
0.00125166
0.00125075
0.00125257
0.00124486
0.00124028
0.00124298
0.00124226
0.00124635
0.00124427
0.00125147
0.00124648
0.00124937
0.00125327
0.00125027
0.00125733
0.00125509
0.00125657
0.00125444
0.00125526
0.00125714
0.00125896
0.00126081
0.00126066
0.00126292
0.0012642
0.00126478
0.00126737
0.00126792
0.00127185
0.00127364
0.00127012
0.00126913
0.00127443
0.00127626
0.00127396
0.00127005
0.00127789
0.00127495
0.00127367
0.00126797
0.00127944
0.00127603
0.00128525
0.00129013
0.00128901
0.00128354
0.00128048
0.00127684
0.00127796
0.00127256
0.00127329
0.0012792
0.00127903
0.00127762
0.00127824
0.00127468
0.00127079
0.00126434
0.00127002
0.00126243
0.00125925
0.00125392
0.00126364
0.00125964
0.00124826
0.00125168
0.00125341
0.0012495
0.00125663
0.00125324
0.00125979
0.00125662
0.00125251
0.0012503
0.00125692
0.00125328
0.0012551
0.00126065
0.00125738
0.00124776
0.00124501
0.00125383
0.00126253
0.00126949
0.0012721
0.00127155
0.00127391
0.00127994
0.00127685
0.00127021
0.00127592
0.00127738
0.00127633
0.00127964
0.0012754
0.00128297
0.00128731
0.00128573
0.00128844
0.00128767
0.00129361
0.00129744
0.00129324
0.00130209
0.00131122
0.00131079
0.00132037
0.00132827
0.00131721
0.00130639
0.00131238
0.00131916
0.0013189
0.0013215
0.0013288
0.00132395
0.00133155
0.00133418
0.00133304
0.00133857
0.00134322
0.00134496
0.00135104
0.00133845
0.00134968
0.00135242
0.00134917
0.00135791
0.00135905
0.00136465
0.00137496
0.0013694
0.00136229
0.00135883
0.00136327
0.00136002
0.00136356
0.00136761
0.00137167
0.00136885
0.00135782
0.00135875
0.0013638
0.00136239
0.00135966
0.00135535
0.00135992
0.00135687
0.00136153
0.00136306
0.0013577
0.00136085
0.00135876
0.00136375
0.00136479
0.00136363
0.00136792
0.001364
0.0013654
0.00136122
0.00136787
0.00137293
0.0013689
0.00137181
0.00137467
0.00137356
0.00137537
0.00137206
0.00136896
0.00136339
0.00136497
0.00136265
0.00135883
0.00135725
0.00136602
0.00136619
0.00136248
0.00135855
0.00135737
0.00136469
0.00137022
0.00137837
0.00136918
0.00136564
0.00135818
0.00135892
0.00135869
0.00136086
0.00136416
0.00136757
0.00137075
0.00137238
0.00137611
0.00138046
0.00137466
0.00137161
0.00137048
0.00136854
0.00137396
0.00137602
0.0013887
0.00137732
0.00138731
0.00138369
0.00138187
0.00138673
0.00138407
0.00138486
0.00138878
0.00139258
0.00138585
0.00137919
0.00136971
0.00137471
0.0013763
0.00136947
0.00136887
0.00137016
0.00137009
0.00136604
0.00136393
0.0013725
0.00136426
0.00136358
0.00136213
0.00135966
0.00136128
0.00136618
0.00137309
0.00137012
0.00136528
0.00136428
0.00135636
0.0013611
0.00135639
0.00134966
0.00135081
0.00134787
0.00134433
0.00135104
0.00136075
0.0013678
0.0013726
0.00136914
0.00137472
0.00137751
0.00138325
0.00138294
0.00138553
0.00138058
0.00138588
0.001384
0.00138358
0.00138359
0.00139181
0.0013971
0.00139856
0.00140244
0.00140288
0.00141337
0.00142564
0.00143183
0.0014353
0.0014402
0.00143557
0.00143826
0.00144364
0.0014449
0.00144592
0.00144294
0.00144488
0.00144508
0.0014424
0.00144049
0.00144702
0.00145127
0.00145181
0.00145141
0.00145195
0.00145177
0.00145154
0.00145159
0.00145148
0.00145145
0.00145156
0.00145189
0.00145177
0.00145296
0.00145263
0.00145314
0.00145341
0.00144982
0.00144029
0.00144062
0.00144069
0.00144297
0.00145199
0.00145094
0.00145148
0.00145195
0.00145207
0.001452
0.00145232
0.00145287
0.00145311
0.00145585
0.00145354
0.00145566
0.00145648
0.00146481
0.0014749
0.0014847
0.00149646
0.00149782
0.00150167
0.00150029
0.0015015
0.00150753
0.00151431
0.0015167
0.00151807
0.00151863
0.00152699
0.00152444
0.00152171
0.00152754
0.00152962
0.00153099
0.00154097
0.00155223
0.00155734
0.00156039
0.00155853
0.00155786
0.00155128
0.00154485
0.00153715
0.00153787
0.00153726
0.00153896
0.00154147
0.00154829
0.00155307
0.00156056
0.00156102
0.0015682
0.00156381
0.00155563
0.00155597
0.00155768
0.00155071
0.00155502
0.00155985
0.00156499
0.00156695
0.00156961
0.00156346
0.00156292
0.00155962
0.00155381
0.00155411
0.00155463
0.00155762
0.00156173
0.00156474
0.00156997
0.00156676
0.00157543
0.00158014
0.00158956
0.00159097
0.00158781
0.00159064
0.00159753
0.00160035
0.0015995
0.00159483
0.00160097
0.00160711
0.0016135
0.00161189
0.00161261
0.00160809
0.00159845
0.00158909
0.00159066
0.00159055
0.00160323
0.0015993
0.00159494
0.00160413
0.00160434
0.00160093
0.00160557
0.00161312
0.00161748
0.00161471
0.00161958
0.00161572
0.00161231
0.00161532
0.00161185
0.00160932
0.00160769
0.00160215
0.00160713
0.00160796
0.00160747
0.0016179
0.00162416
0.00162368
0.00162629
0.00162418
0.0016269
0.00163457
0.00163551
0.0016336
0.00164086
0.00164536
0.00165226
0.00164996
0.00165579
0.00165202
0.00165111
0.00164265
0.00164522
0.00164037
0.00164812
0.00165406
0.00166127
0.00166904
0.0016668
0.0016652
0.00166906
0.00167963
0.00166829
0.00167029
0.00166959
0.00167125
0.00167588
0.00165972
0.00166519
0.00165789
0.0016485
0.00164288
0.00164569
0.00163827
0.0016489
0.00165728
0.00167078
0.00167086
0.00167376
0.00167101
0.00167721
0.00167953
0.00168029
0.00167335
0.0016783
0.00168383
0.00168655
0.00168194
0.00168511
0.00168448
0.0016767
0.00167782
0.00168261
0.00167928
0.00168855
0.00168997
0.00169814
0.00169879
0.00169619
0.00170348
0.00171073
0.00171817
0.00171642
0.00171145
0.00171367
0.00171674
0.00171802
0.00171306
0.00170885
0.00171747
0.001726
0.0017306
0.00172782
0.00172883
0.00173455
0.00174509
0.00175184
0.00174733
0.00174628
0.00175344
0.00176682
0.00176815
0.00176086
0.00176266
0.00177002
0.00177665
0.0017745
0.0017791
0.00177282
0.00177706
0.00178009
0.00177717
0.00178042
0.00178159
0.00178127
0.00177678
0.00178419
0.00178267
0.00178735
0.00177789
0.00177507
0.00178422
0.00177744
0.00178235
0.0017873
0.00179019
0.00178208
0.00178123
0.00177809
0.00177369
0.00176821
0.00176747
0.00176922
0.00178254
0.00179303
0.00178888
0.00179305
0.00179646
0.00180619
0.00181548
0.00181568
0.00181916
0.0018229
0.00182812
0.00183375
0.00182964
0.00183515
0.00183254
0.00182553
0.00182497
0.00182352
0.00182529
0.00181743
0.00182102
0.00181768
0.0018228
0.0018185
0.00182032
0.00181334
0.00180485
0.00180844
0.00180703
0.00180585
0.00180999
0.00181298
0.00181069
0.00180443
0.00181098
0.00181227
0.00181121
0.00181831
0.00181944
0.00181666
0.0018192
0.00182117
0.00183254
0.0018278
0.00182558
0.00182414
0.00182795
0.00182404
0.00183269
0.00182905
0.00183388
0.00183032
0.00182378
0.00182408
0.00181941
0.00183272
0.00184081
0.00185403
0.00186058
0.0018649
0.0018755
0.00188295
0.00188255
0.00189198
0.00188447
0.00188348
0.00188646
0.00188601
0.00188889
0.0018967
0.00189338
0.00189795
0.00190191
0.00190477
0.00191011
0.00191086
0.00191108
0.00190844
0.00189981
0.00191196
0.00191138
0.00190852
0.0018982
0.00189393
0.00188606
0.00189913
0.00190357
0.00190965
0.0019082
0.00191096
0.00191347
0.00192006
0.00191951
0.00191867
0.00192123
0.00193204
0.00194623
0.00196683
0.00197136
0.00197272
0.00197688
0.00197738
0.00198629
0.00199015
0.00199373
0.00200065
0.00200817
0.00201456
0.00202247
0.00202919
0.00202986
0.0020195
0.00201218
0.0020055
0.00200056
0.00199864
0.00200734
0.00202197
0.00203239
0.002044
0.00204225
0.00204943
0.00204319
0.00203567
0.00202609
0.00203151
0.00203758
0.00203228
0.00202365
0.00201869
0.00202301
0.00201555
0.00201897
0.00201236
0.00200991
0.00201476
0.00201554
0.00202071
0.00201262
0.00200299
0.00199779
0.00200105
0.00200396
0.00200222
0.00199487
0.00199542
0.0019947
0.00198602
0.00199018
0.00198383
0.00197525
0.00196953
0.00197051
0.00197622
0.00196963
0.0019701
0.00195932
0.00195451
0.00195438
0.00195377
0.00194796
0.00195632
0.00195874
0.0019603
0.00196297
0.00197248
0.00196298
0.00196143
0.00196342
0.00195547
0.00194618
0.00194649
0.00194751
0.00195007
0.00194293
0.00193704
0.00193781
0.00193965
0.0019408
0.00194402
0.00193398
0.0019346
0.0019409
0.00194837
0.00193626
0.00194024
0.00193693
0.00192835
0.00192279
0.00192302
0.00192276
0.00192782
0.00191482
0.00190967
0.00190409
0.00190102
0.00189393
0.0018916
0.00189759
0.00189086
0.00188313
0.00187873
0.00187814
0.0018763
0.00188263
0.00188993
0.00189843
0.0019093
0.00190611
0.00190727
0.0018954
0.00189007
0.00188909
0.00188628
0.00189197
0.00188145
0.00188465
0.0018815
0.00187812
0.00187565
0.00187714
0.00187453
0.00186688
0.00186645
0.00186725
0.00186801
0.00187253
0.00186626
0.00186101
0.00186186
0.00186443
0.0018687
0.00187619
0.00186989
0.00187099
0.00187608
0.00187669
0.00187872
0.00188298
0.00188052
0.00188114
0.00188027
0.00187601
0.00187795
0.00187966
0.00188403
0.00188515
0.00188554
0.00188804
0.00188145
0.0018801
0.00187923
0.00188037
0.00188333
0.00188309
0.00188224
0.00189195
0.00188516
0.00188479
0.00189272
0.0018965
0.00190238
0.00190154
0.00190445
0.00190812
0.0019006
0.00189927
0.00190064
0.00190126
0.00189992
0.00189865
0.00190659
0.00190609
0.0018999
0.00189334
0.00189518
0.00190239
0.00190432
0.0019116
0.00190269
0.00189231
0.00189116
0.00189137
0.00189263
0.00188941
0.00189784
0.00188857
0.00188319
0.00188186
0.00187373
0.00187035
0.00187712
0.00187512
0.00186267
0.00186445
0.0018662
0.00186872
0.00186909
0.00187582
0.00187328
0.00186202
0.00185974
0.00186104
0.00186956
0.00187245
0.00187674
0.00187195
0.00186918
0.00187229
0.00187249
0.00187473
0.00188029
0.00188131
0.00187458
0.00187873
0.00188625
0.0018897
0.0018843
0.00189274
0.00188635
0.0018801
0.00188112
0.0018825
0.00188579
0.00188736
0.00189827
0.00189518
0.00188371
0.00188269
0.00188042
0.00188126
0.00187912
0.00188822
0.00188183
0.00187683
0.00187574
0.00187633
0.00187427
0.001876
0.00188055
0.00187561
0.00187916
0.00188772
0.00190139
0.00189905
0.0019014
0.00189364
0.00189436
0.00189536
0.00189844
0.00190209
0.00189982
0.00190075
0.00189209
0.00189594
0.00188631
0.00188986
0.00189555
0.0018913
0.00189745
0.00189136
0.00189016
0.00189207
0.00189226
0.00189391
0.0018929
0.00189122
0.00189203
0.00188748
0.00189349
0.00190012
0.00190089
0.00190402
0.00190548
0.00189846
0.00189981
0.00190086
0.00190051
0.0019016
0.00190223
0.00189466
0.00189556
0.00189628
0.00190401
0.00191102
0.0019113
0.00190891
0.00191294
0.00191005
0.00190246
0.00189796
0.00189836
0.00189851
0.00190264
0.00190158
0.00190131
0.00189922
0.00189915
0.00190122
0.00190865
0.00191571
0.00191317
0.0019207
0.00191676
0.00190927
0.00190636
0.00190657
0.00190687
0.00190256
0.00190767
0.00190222
0.00189471
0.001894
0.00189877
0.00190397
0.00190743
0.00191234
0.00191276
0.00191577
0.00191865
0.0019096
0.00191019
0.00191006
0.00191083
0.00191138
0.00191009
0.00191638
0.00191831
0.00191163
0.00191205
0.0019205
0.00192517
0.00192783
0.00192802
0.00193329
0.00192628
0.00192629
0.00193087
0.00193085
0.00193136
0.00193509
0.00193645
0.00194137
0.00194068
0.00193365
0.00193556
0.00193456
0.00193292
0.00193558
0.00193052
0.00193677
0.00193444
0.00194064
0.00193327
0.00192846
0.00192843
0.00192875
0.00192917
0.00193311
0.00193056
0.00192636
0.00192571
0.00192725
0.0019317
0.0019374
0.00194079
0.00194192
0.00194609
0.001944
0.0019402
0.00194551
0.00194594
0.00194573
0.00194941
0.0019475
0.00194915
0.0019421
0.00194294
0.00194828
0.00194046
0.00193312
0.00193467
0.00193269
0.00193251
0.00194379
0.0019373
0.00193226
0.00192844
0.00192932
0.0019298
0.00193451
0.00193661
0.00193784
0.00193222
0.00193559
0.00192447
0.00192705
0.00193326
0.00193749
0.00192587
0.00192098
0.00192036
0.00192225
0.00192313
0.00192014
0.00192366
0.00191829
0.00191601
0.00192096
0.00192591
0.00193545
0.00193139
0.00193049
0.00193935
0.00193417
0.00192654
0.00192541
0.00192465
0.0019232
0.00192849
0.0019326
0.00192433
0.00192875
0.00193147
0.00192899
0.00193227
0.00192958
0.00193494
0.00192824
0.00192081
0.00191599
0.00191947
0.00192295
0.00192215
0.00192553
0.0019286
0.00191883
0.00191645
0.00192278
0.00192059
0.00192017
0.00192111
0.00191924
0.00192853
0.00192637
0.00191635
0.00191364
0.00191361
0.0019139
0.00191327
0.00191422
0.00191583
0.00191163
0.00191437
0.00190667
0.00191415
0.00191672
0.00191979
0.00192238
0.001913
0.00190826
0.00190931
0.00191135
0.00191237
0.00191503
0.00190969
0.00190613
0.0019116
0.00190708
0.00190403
0.00190587
0.0019065
0.00190774
0.00190923
0.00190863
0.00191876
0.00192035
0.00191202
0.00191106
0.0019157
0.00191543
0.00191874
0.00192297
0.00191687
0.00191019
0.00191114
0.00191235
0.00191668
0.00191617
0.00191845
0.0019203
0.0019177
0.00191447
0.00191986
0.00192552
0.00192842
0.00192786
0.00191698
0.00191264
0.00191282
0.00191345
0.00191549
0.00191157
0.00191888
0.00191018
0.00190773
0.00191104
0.0019189
0.0019248
0.00192559
0.00192699
0.00192761
0.00192827
0.0019291
0.00192978
0.00192987
0.00193508
0.00192697
0.00192619
0.00192312
0.00191576
0.00191468
0.00191347
0.00190541
0.00190341
0.0019036
0.00190497
0.0019041
0.00190434
0.0018973
0.00190585
0.00189602
0.00189317
0.00188757
0.00188786
0.00188719
0.00189073
0.00189114
0.00189624
0.00189014
0.0018833
0.00188566
0.00189035
0.00189292
0.00188516
0.00188675
0.0018911
0.00189516
0.00189623
0.00189699
0.00189552
0.00189834
0.00189849
0.00190747
0.00191032
0.00190094
0.00189904
0.00189981
0.00190077
0.00190343
0.00190242
0.00189227
0.00188276
0.0018772
0.00187103
0.00186978
0.00186957
0.00187019
0.00187389
0.00187726
0.00186784
0.00186594
0.00186616
0.00186709
0.00187286
0.00187401
0.00187503
0.00186548
0.00185879
0.00186112
0.00185216
0.00185467
0.00185302
0.00185673
0.00185805
0.00186248
0.00185735
0.00185249
0.00184994
0.00185083
0.00185111
0.00185269
0.00185219
0.00185351
0.00184567
0.00184732
0.00185446
0.00185742
0.00186434
0.00186182
0.00186613
0.00185726
0.00186182
0.00186315
0.00186384
0.00186461
0.00186498
0.00186791
0.00186327
0.00186735
0.00186295
0.00186026
0.00186719
0.00186068
0.00186542
0.00186836
0.00187008
0.00186794
0.00186692
0.00187033
0.00187441
0.00187618
0.00187077
0.00187135
0.00187114
0.00187084
0.0018772
0.00188003
0.00188241
0.00188347
0.00187711
0.00187785
0.00187919
0.00188093
0.00187677
0.00188013
0.00188113
0.00187112
0.00186263
0.00186131
0.0018601
0.00186263
0.00186771
0.00187767
0.00187499
0.00186468
0.00185558
0.00184793
0.00184324
0.00184698
0.00184321
0.00183999
0.00184268
0.00185012
0.00185646
0.00186016
0.00186323
0.00185995
0.00186048
0.00187092
0.00187037
0.00186309
0.00186237
0.0018758
0.00187646
0.00188247
0.00189755
0.0018998
0.00189846
0.00190038
0.00190126
0.00190233
0.00191246
0.00191798
0.00191569
0.00191002
0.0019196
0.00192274
0.00191726
0.00192473
0.00193531
0.0019435
0.00194391
0.00194094
0.00194622
0.0019497
0.00194228
0.0019346
0.00192529
0.00192647
0.00192476
0.00192412
0.00192298
0.00192343
0.00192717
0.00193992
0.00193892
0.00192922
0.00193514
0.00194726
0.00195167
0.00195651
0.00195722
0.00195787
0.00195928
0.00196135
0.00196207
0.00196579
0.00195773
0.00195951
0.00196879
0.00196696
0.00195732
0.00196614
0.00197008
0.00196709
0.00196898
0.00196942
0.0019673
0.00196788
0.00197044
0.00197952
0.00197287
0.0019667
0.00196148
0.0019597
0.00195879
0.00196936
0.00197782
0.00198312
0.00198377
0.00198093
0.00199142
0.00199561
0.00198823
0.00198167
0.00199168
0.00200346
0.00200302
0.00201023
0.00201555
0.00202372
0.00203131
0.00203309
0.00204115
0.00203757
0.00202841
0.00202368
0.0020303
0.00203207
0.00203567
0.00204669
0.00205545
0.00206017
0.0020617
0.00206481
0.00207409
0.00207976
0.0020896
0.00208829
0.00208307
0.00209026
0.00209615
0.00209983
0.00209539
0.00209852
0.00208713
0.00208242
0.00207267
0.00207858
0.0020803
0.00208187
0.00208081
0.00207664
0.00208552
0.00209019
0.00208837
0.00208894
0.00209238
0.00209448
0.00208919
0.00208351
0.00207529
0.00207835
0.00208571
0.00207739
0.00207223
0.00207007
0.00207117
0.00207151
0.00206756
0.00207501
0.00207049
0.00207653
0.00208787
0.00210233
0.002106
0.00209829
0.00210612
0.00211475
0.00211741
0.00211762
0.00211323
0.00212637
0.00213686
0.00214645
0.00215637
0.00215486
0.00215428
0.0021507
0.00214917
0.00215382
0.00216353
0.00217124
0.00218443
0.00218574
0.00219288
0.00218277
0.00217859
0.0021697
0.00216891
0.00217288
0.00217185
0.00216501
0.00217063
0.00217146
0.00218088
0.00217602
0.00217607
0.00217685
0.00218034
0.00218573
0.00219118
0.00219279
0.00219476
0.00219653
0.00219599
0.00220459
0.00220475
0.00221096
0.00221191
0.00221847
0.00221546
0.00222298
0.00221837
0.0022273
0.00222952
0.00222766
0.00223375
0.00224223
0.00224497
0.00224418
0.00224192
0.0022296
0.00222374
0.0022243
0.00222095
0.0022273
0.00222603
0.0022228
0.00223238
0.00223508
0.00224687
0.00225465
0.00226521
0.0022677
0.00227542
0.00228124
0.00227435
0.00227618
0.0022766
0.00227178
0.00227063
0.00227321
0.00228002
0.00228549
0.00228143
0.00228469
0.00230055
0.0023007
0.00230209
0.00230501
0.00231251
0.00231614
0.00231989
0.0023159
0.00232482
0.00233835
0.00234999
0.00236053
0.0023584
0.00235428
0.00235804
0.00236524
0.00235982
0.00235906
0.00235963
0.00236827
0.0023667
0.00237254
0.00239237
0.00241089
0.0024096
0.00241844
0.00242716
0.00244079
0.00244356
0.00244241
0.00244723
0.00244218
0.00244464
0.00245118
0.00245298
0.00246574
0.00247733
0.00247483
0.00246659
0.00245637
0.00245997
0.00245864
0.00245837
0.00244475
0.00244552
0.00244476
0.00245235
0.00244595
0.00245202
0.0024485
0.00245643
0.00246596
0.00247184
0.00247293
0.00247658
0.00248291
0.00247819
0.00247654
0.00248502
0.00249421
0.00250754
0.00250079
0.00250623
0.00250605
0.00250561
0.00250899
0.0025067
0.0025015
0.00250792
0.00251178
0.00251932
0.00253232
0.00253903
0.00253463
0.00254179
0.00255114
0.00255129
0.00255031
0.00255335
0.00256015
0.00257456
0.00257658
0.00258165
0.00258729
0.0025862
0.0026056
0.00262596
0.00263652
0.00262898
0.002632
0.00263863
0.00265283
0.00266214
0.00266662
0.00267575
0.0026795
0.00267993
0.00267678
0.00267949
0.00268196
0.00268221
0.00268363
0.00267346
0.00267385
0.00267969
0.0026793
0.00269514
0.00270724
0.0027165
0.00272381
0.00271693
0.00271321
0.00271975
0.00271337
0.00272743
0.00272531
0.00272492
0.00273822
0.00274502
0.00275478
0.00275715
0.00275284
0.0027618
0.00276305
0.00275693
0.00276726
0.00276607
0.00277154
0.00276864
0.00277788
0.00277696
0.00278133
0.00279386
0.00279138
0.00281334
0.00282149
0.00283499
0.00284595
0.00284018
0.00284531
0.00286176
0.00287272
0.00288454
0.00288617
0.00289138
0.0028785
0.00286946
0.00287848
0.00287575
0.00289131
0.00288296
0.00288233
0.00289466
0.00290742
0.0029226
0.00293558
0.00292965
0.00293439
0.00294184
0.00294417
0.00295305
0.00296371
0.00296499
0.00296003
0.00297019
0.00297013
0.00297475
0.0029863
0.00299866
0.00300835
0.00301135
0.00302641
0.00304057
0.00304519
0.0030463
0.00304372
0.00305345
0.00305065
0.00304095
0.00305189
0.00303933
0.0030252
0.00302301
0.00302484
0.00303488
0.00304989
0.00305744
0.00306016
0.0030663
0.00307573
0.00308052
0.0030929
0.00309952
0.00310292
0.00311154
0.00310636
0.00310042
0.00309704
0.00310354
0.0031004
0.00308808
0.00307764
0.00307282
0.00307651
0.00308471
0.00308608
0.00309425
0.00310115
0.00310457
0.00312183
0.00313644
0.00315354
0.00316852
0.00316634
0.0031616
0.00316826
0.00317018
0.00316645
0.00316546
0.00316675
0.00318233
0.00318212
0.00318934
0.00318637
0.0031885
0.00319762
0.00321479
0.00322483
0.00322579
0.00323156
0.00324475
0.00325739
0.00327324
0.00327589
0.00326958
0.00327799
0.00327692
0.00326921
0.00327182
0.00326388
0.00328015
0.00327394
0.00325783
0.00324778
0.00324988
0.00325244
0.00326406
0.00327831
0.00329311
0.0032859
0.00329132
0.00328118
0.00326869
0.00326301
0.00326343
0.00326454
0.00325352
0.00324587
0.0032336
0.00323822
0.00323376
0.00324614
0.0032513
0.00326022
0.00326395
0.00326144
0.00326342
0.00327736
0.00328908
0.0032873
0.00329326
0.0033092
0.00332286
0.00333281
0.00333115
0.00333408
0.00333048
0.0033325
0.00333547
0.0033338
0.00333055
0.00333438
0.00334219
0.00333756
0.00334066
0.00334467
0.0033562
0.00336086
0.00337331
0.00337851
0.00337072
0.00337516
0.00338286
0.00339249
0.00340713
0.00340854
0.00341374
0.00342601
0.00342913
0.00343088
0.00343511
0.00343473
0.00344293
0.00344
0.00342467
0.00342402
0.00342804
0.00342613
0.00342553
0.00341214
0.00339856
0.0033958
0.00340072
0.0034017
0.00339445
0.00337982
0.00337808
0.00338183
0.00338297
0.00338528
0.00338668
0.00339265
0.00338998
0.00338508
0.0033861
0.00338641
0.00338539
0.00338931
0.00337479
0.0033639
0.00335903
0.00335117
0.00336216
0.00337168
0.00336798
0.00336825
0.00336955
0.00336647
0.00336271
0.00337043
0.00338304
0.00339514
0.00340513
0.00342396
0.00343407
0.00343929
0.00345427
0.00347217
0.00348711
0.0034966
0.00349804
0.00350177
0.00350196
0.00350683
0.00351459
0.0035035
0.00349028
0.00349708
0.00349294
0.0035094
0.00351774
0.00350457
0.00350272
0.0035041
0.00350753
0.00352053
0.00352617
0.00352746
0.00352819
0.00355275
0.00354966
0.0035445
0.00355579
0.0035641
0.00357952
0.00359105
0.00359504
0.00359668
0.00360412
0.00360119
0.00358834
0.00357562
0.00357407
0.00358805
0.00358979
0.00359986
0.0036092
0.00361253
0.00361792
0.00361207
0.00360825
0.00361146
0.00362049
0.00362617
0.00362051
0.003616
0.00362154
0.0036509
0.00366062
0.0036767
0.00368126
0.00367844
0.00368295
0.00369819
0.00370639
0.00371511
0.0037282
0.00372666
0.0037427
0.00374534
0.00372959
0.00372848
0.0037307
0.00373225
0.0037428
0.00375019
0.00375021
0.00374937
0.00376357
0.0037763
0.00377724
0.00378571
0.00379432
0.00380751
0.00381509
0.00381301
0.003816
0.00380927
0.00380193
0.00379784
0.00378682
0.00378893
0.00378878
0.00379913
0.00380323
0.0037975
0.00379443
0.00379404
0.00380776
0.00381462
0.00381933
0.00383478
0.00384841
0.00384239
0.00384493
0.00384781
0.00386263
0.00387558
0.00389505
0.00390219
0.00390161
0.00390143
0.00391009
0.00390804
0.00389754
0.00389302
0.00388386
0.00389901
0.00390918
0.00389401
0.00388727
0.00388678
0.00388361
0.0038973
0.0038918
0.00387696
0.00386342
0.00385599
0.00386273
0.00386669
0.00387666
0.00388487
0.0038869
0.00389585
0.00389353
0.00388975
0.00389306
0.00388259
0.00387779
0.00388179
0.0038793
0.00387188
0.00387724
0.00387764
0.00388551
0.00389769
0.00390937
0.00390895
0.00390771
0.00392194
0.00393382
0.00394983
0.00396341
0.00396779
0.00396434
0.00396323
0.00397022
0.0039793
0.00397495
0.00396999
0.00396646
0.00397094
0.00397494
0.00396132
0.00395049
0.00396096
0.00395539
0.00395941
0.00394813
0.00393733
0.0039463
0.00394539
0.00392595
0.00393483
0.00394328
0.00394752
0.00395683
0.00394228
0.00395057
0.0039545
0.00396279
0.0039638
0.00395466
0.00394732
0.00394009
0.00394464
0.00395014
0.00394369
0.00394229
0.0039486
0.00395719
0.00395108
0.00395153
0.00397477
0.00399211
0.0040064
0.00402084
0.0040236
0.00401538
0.0040207
0.00403435
0.00404189
0.00404952
0.00405532
0.00404635
0.00405456
0.00405059
0.00404822
0.00404369
0.00403126
0.00403153
0.00403876
0.00403654
0.00403321
0.00404279
0.00405591
0.0040737
0.00406544
0.00406496
0.00407012
0.00408586
0.004098
0.00409065
0.00408772
0.00407941
0.00408499
0.0040936
0.00409947
0.00410357
0.00411387
0.00410837
0.00411443
0.00412529
0.00413551
0.00413937
0.00414272
0.00414245
0.00415321
0.00416321
0.00415328
0.00414555
0.00414156
0.00415199
0.00414384
0.00415383
0.00417374
0.0041936
0.00420047
0.00419632
0.00420269
0.00421186
0.00422201
0.00423214
0.00423679
0.00424284
0.00422912
0.00424771
0.00425266
0.00425917
0.00426092
0.00426111
0.0042604
0.00427774
0.00427746
0.0042784
0.00429412
0.00429346
0.00429482
0.00430695
0.00432235
0.00433703
0.00435433
0.00434455
0.00435198
0.00435632
0.00435825
0.00434661
0.00434232
0.00433646
0.00435453
0.00436536
0.0043884
0.00439378
0.00439574
0.00439519
0.00439936
0.00440401
0.0043881
0.0043768
0.00437199
0.004385
0.00438765
0.00438418
0.00438721
0.0043813
0.00438052
0.00438426
0.00440008
0.00440691
0.00441968
0.0044263
0.00442301
0.00442644
0.00443489
0.00445285
0.00446721
0.00447735
0.00447683
0.00448204
0.00449026
0.00447865
0.0044693
0.00445048
0.00443437
0.00444585
0.00446914
0.00448452
0.00450849
0.00450263
0.00449705
0.00450676
0.00451525
0.00453006
0.00454095
0.0045369
0.00454006
0.00454102
0.00456527
0.00458098
0.00459622
0.00459739
0.00460964
0.00460368
0.00461352
0.00461874
0.00462447
0.00462484
0.0046326
0.00464131
0.00463947
0.00465149
0.00464986
0.00464537
0.0046478
0.00465262
0.00465385
0.00465548
0.00466795
0.0046612
0.00466805
0.00466239
0.00466061
0.00467027
0.00467121
0.00467514
0.00467131
0.00467492
0.00468719
0.00467882
0.00466928
0.00466437
0.00467005
0.0046776
0.00468304
0.00470053
0.00472906
0.00474714
0.00475405
0.00476678
0.00477663
0.00479275
0.00481371
0.00482828
0.00484475
0.0048593
0.00486774
0.00488309
0.00487004
0.0048765
0.00487768
0.0048802
0.00487717
0.00487902
0.00489502
0.00488545
0.00489677
0.00491393
0.00490917
0.00490936
0.00492334
0.0049185
0.00490249
0.0048964
0.00489558
0.00490213
0.00490315
0.00490455
0.00489694
0.00489233
0.00490062
0.00491722
0.00492857
0.00493229
0.00494186
0.00494116
0.00492882
0.0049222
0.00491695
0.00489956
0.00490848
0.00490807
0.00491284
0.00492369
0.00492808
0.00493088
0.00493055
0.00493839
0.004934
0.00492349
0.0049105
0.00490821
0.00491338
0.00491899
0.00491273
0.00490293
0.00490306
0.00488335
0.0048885
0.0048937
0.0048795
0.00487043
0.00488313
0.00488576
0.00488529
0.00488423
0.00489523
0.00490414
0.00489968
0.00489011
0.00488919
0.00487554
0.0048606
0.00485695
0.00485402
0.00484683
0.00484857
0.00484915
0.0048602
0.00487463
0.00487862
0.0048929
0.00489346
0.00487689
0.00486817
0.00485665
0.00486153
0.00486612
0.00487258
0.00487628
0.00488368
0.00489726
0.00489978
0.0049086
0.00490351
0.00488775
0.00487183
0.00486294
0.00484845
0.00483399
0.00484071
0.00485539
0.0048691
0.00488957
0.00488712
0.00489338
0.00487945
0.00486635
0.00485136
0.00483105
0.00483667
0.00483982
0.00485923
0.00486015
0.00485547
0.00486389
0.00486393
0.00486124
0.00485214
0.00485318
0.00485722
0.00486828
0.00486345
0.00486072
0.00487198
0.00488492
0.00490054
0.00490939
0.00491389
0.00491859
0.00490433
0.00489454
0.00489428
0.00489305
0.00488393
0.0048898
0.00489684
0.00491344
0.00492241
0.00493059
0.00492602
0.00493755
0.00493165
0.00491831
0.00491065
0.0049167
0.00491359
0.00490926
0.004901
0.00490978
0.00492216
0.00493451
0.00494487
0.00494993
0.00494172
0.00493452
0.00493895
0.00494081
0.00492921
0.00493742
0.00494082
0.00494908
0.00496707
0.00498775
0.00498485
0.00499309
0.00498659
0.00497454
0.00496555
0.00495539
0.00493595
0.00492349
0.00493116
0.00494219
0.00495205
0.00497437
0.00497485
0.00496716
0.0049689
0.00495731
0.00494378
0.00493224
0.00494639
0.00495101
0.00494251
0.00495118
0.0049679
0.00498072
0.00499273
0.00501266
0.00500619
0.00498821
0.00499096
0.00500909
0.00500795
0.00500443
0.00500938
0.00502503
0.00503405
0.00504129
0.00504989
0.00504489
0.00505584
0.00504148
0.00504079
0.00504903
0.00505621
0.00504202
0.00503777
0.00504191
0.00505555
0.00506767
0.00507818
0.00507531
0.00508376
0.00508338
0.00508641
0.00509059
0.00507763
0.0050717
0.0050683
0.00506015
0.00505088
0.00505918
0.00508069
0.00509594
0.005103
0.00510469
0.00511268
0.00511839
0.00510626
0.00509606
0.00507772
0.00508679
0.00509028
0.0050989
0.00510228
0.00511398
0.00512628
0.00514029
0.00515197
0.00515884
0.00514489
0.00512973
0.00511629
0.00512154
0.00512901
0.00512581
0.00512103
0.00512666
0.00513975
0.00514952
0.00515141
0.00515659
0.00516506
0.00515721
0.00514414
0.00515973
0.00515912
0.0051563
0.00515593
0.00516487
0.00517887
0.00518838
0.00519349
0.00520565
0.00519166
0.00518183
0.00517317
0.00516414
0.00516162
0.00516023
0.00517111
0.00518141
0.00519417
0.00520976
0.00520649
0.00522031
0.00521994
0.00520792
0.00519295
0.00519074
0.00520605
0.00520427
0.00521354
0.00520371
0.00519821
0.00519343
0.00520209
0.00521033
0.00521036
0.00521249
0.00523161
0.00524401
0.00523846
0.00524311
0.00525191
0.00526418
0.00526799
0.00526025
0.00526337
0.00526757
0.00527884
0.0052726
0.00526767
0.00525907
0.0052756
0.00525938
0.00525893
0.0052739
0.00528159
0.00527396
0.00527206
0.00527144
0.00527422
0.00526036
0.00524521
0.00523808
0.0052422
0.00525014
0.00526787
0.005277
0.00527408
0.00528346
0.00528573
0.00526889
0.00525252
0.00523831
0.00522205
0.00524631
0.00526122
0.00527608
0.00528937
0.00527956
0.00528295
0.00529416
0.0052893
0.00529632
0.00529862
0.00528761
0.00527449
0.00526547
0.0052524
0.00525446
0.00525686
0.00526597
0.00526002
0.00526301
0.00525042
0.00526319
0.00527908
0.00527824
0.00528585
0.00529065
0.00528017
0.00528178
0.00528132
0.00528613
0.00529481
0.00529416
0.00529641
0.00529825
0.00529723
0.0052993
0.00529764
0.00531421
0.00530714
0.00529755
0.00529436
0.00530096
0.00530258
0.00530294
0.00530389
0.00530391
0.00530494
0.0053058
0.00530435
0.00530564
0.00530499
0.00531201
0.00533446
0.00533777
0.00533512
0.00533832
0.00536076
0.00537468
0.00538993
0.00539148
0.00539213
0.00539318
0.005401
0.00541721
0.00540653
0.0053945
0.00538901
0.00538952
0.0054083
0.00539274
0.00539734
0.00540644
0.00542019
0.00542879
0.00542849
0.00543835
0.00542685
0.00541257
0.00539885
0.00540127
0.00540033
0.00539757
0.00540203
0.00539564
0.00540203
0.0054058
0.00541502
0.00540674
0.00541561
0.00541327
0.00542445
0.00544225
0.00543669
0.00544102
0.0054382
0.00544098
0.00544912
0.00544934
0.00544225
0.00544244
0.00544389
0.00544848
0.00544604
0.00545926
0.00547116
0.00548129
0.00548733
0.00549864
0.00550543
0.00551229
0.00551426
0.00551303
0.00551526
0.00552977
0.00553195
0.00553066
0.00551365
0.00553058
0.0055453
0.00554623
0.00553715
0.00552569
0.00551378
0.00551117
0.00549614
0.00548079
0.00546817
0.00545996
0.00546818
0.00548274
0.00548371
0.00548465
0.00547071
0.00545603
0.00544626
0.00544741
0.00545424
0.00546141
0.00546552
0.0054612
0.00543938
0.00541883
0.0054271
0.0054058
0.00539939
0.00540593
0.0054036
0.00541085
0.00543217
0.00542534
0.00543676
0.00545059
0.0054567
0.0054613
0.00546951
0.00547164
0.0054889
0.00547933
0.00547624
0.00548609
0.00549304
0.00547971
0.0054735
0.00546731
0.0054652
0.00545385
0.00545438
0.00546007
0.00545393
0.00544069
0.0054304
0.00544094
0.00545878
0.00546442
0.00545677
0.00545953
0.00545522
0.00545515
0.00545863
0.0054843
0.00550159
0.00549786
0.00550907
0.00550138
0.00549255
0.00551108
0.00551894
0.00553814
0.00553225
0.00553023
0.00551964
0.00550946
0.00550981
0.00552452
0.00553356
0.005538
0.00555078
0.00554317
0.00555713
0.00556828
0.00559029
0.00559476
0.00560206
0.00559244
0.00558581
0.00557811
0.00559474
0.00561174
0.00563406
0.00562842
0.00561458
0.00560479
0.00560623
0.00562064
0.00562935
0.00563238
0.00562491
0.00563205
0.00564755
0.0056271
0.0056363
0.00562851
0.00562512
0.00562053
0.00560642
0.00561098
0.00562658
0.00563044
0.00563666
0.00564604
0.00564421
0.00564783
0.00566652
0.0056681
0.00565367
0.0056634
0.00567928
0.00567546
0.00567263
0.00569145
0.00569108
0.00570255
0.00569682
0.00569506
0.00569607
0.00567969
0.00567592
0.00568775
0.00568507
0.00569951
0.00570577
0.00570935
0.00571501
0.00572549
0.0057309
0.0057259
0.00572107
0.00570923
0.00572729
0.00571123
0.00571732
0.00572576
0.00571179
0.00570449
0.00570452
0.00570053
0.00570785
0.00569754
0.00569052
0.00566856
0.00567218
0.00568377
0.00569096
0.00568177
0.00569162
0.00571474
0.00570872
0.00572341
0.00572949
0.00572772
0.00574368
0.00574774
0.00575417
0.0057588
0.00577452
0.00578603
0.00578238
0.00578879
0.00578599
0.00577787
0.00578513
0.00577438
0.0057762
0.00577543
0.00577544
0.00576764
0.00576002
0.00575435
0.00576727
0.00577221
0.00577706
0.00579496
0.00580041
0.00581056
0.00580622
0.00581972
0.00580052
0.00578343
0.00578018
0.00578614
0.00578069
0.00578442
0.00578
0.00580215
0.00581723
0.00583935
0.00584716
0.00585399
0.00586025
0.00586379
0.00586162
0.00588012
0.00587975
0.00589018
0.00589412
0.00588831
0.00589471
0.00589276
0.00588928
0.00590456
0.00590656
0.00589882
0.00588896
0.00589462
0.00590681
0.00590621
0.00590797
0.005917
0.00590735
0.00590262
0.00591094
0.00591643
0.00593333
0.00594985
0.00594588
0.00594904
0.00596306
0.0059782
0.00599237
0.00599005
0.00597208
0.00598874
0.00600682
0.00600212
0.00600457
0.00601332
0.00600482
0.0059902
0.00599725
0.00600698
0.00601415
0.00601172
0.00601993
0.00602222
0.00602392
0.00603592
0.00605203
0.00605966
0.00605465
0.00604627
0.00606923
0.00607426
0.00607393
0.00607531
0.00609214
0.00607619
0.00607069
0.00606188
0.00606698
0.00608251
0.00608851
0.0061177
0.00612388
0.0061178
0.00612937
0.00614402
0.00615686
0.00617107
0.00616893
0.00617414
0.0061818
0.00619167
0.00619766
0.00618963
0.00619907
0.00619919
0.00618212
0.00618186
0.0061906
0.00620121
0.00620187
0.00620658
0.00621496
0.00621538
0.00622628
0.00624303
0.00626076
0.0062704
0.0062783
0.0062841
0.00630103
0.00630734
0.00632119
0.00631916
0.00632136
0.00632484
0.00631703
0.00630697
0.00630569
0.00630365
0.00632936
0.00633075
0.00634436
0.00634838
0.00635749
0.00637204
0.00637379
0.00637946
0.0063859
0.00638902
0.00639682
0.00640794
0.00642115
0.00643465
0.00642629
0.00643563
0.00642136
0.00641801
0.00641182
0.006396
0.00641213
0.00640895
0.00639391
0.00638776
0.00639635
0.00641065
0.00643779
0.00645872
0.00648431
0.00649606
0.00650759
0.00649979
0.00649556
0.00650108
0.00650554
0.0065115
0.00649926
0.00648301
0.0064704
0.00645954
0.0064615
0.00645929
0.00645096
0.00644948
0.00644966
0.00645429
0.00646618
0.00646656
0.00646133
0.0064654
0.00647869
0.00649941
0.00651669
0.00652883
0.00653919
0.00653957
0.00654903
0.00655346
0.00654631
0.00652788
0.00652281
0.00652506
0.00652992
0.00652557
0.00651812
0.00651498
0.006516
0.00652824
0.00653071
0.00651783
0.00650387
0.00648944
0.00647308
0.00648073
0.00649261
0.00650415
0.00651263
0.00651591
0.00652
0.00652086
0.00652518
0.0065158
0.00649972
0.00648841
0.00647606
0.00649309
0.00648231
0.00647276
0.00647387
0.0064846
0.00648307
0.00649164
0.00650602
0.00649953
0.0064893
0.00647693
0.00647062
0.00646152
0.00648449
0.00649987
0.00651609
0.00653247
0.00653284
0.00653893
0.00654162
0.00654938
0.00653688
0.00652088
0.00650081
0.00650786
0.00649509
0.0064925
0.00650215
0.00650409
0.00651336
0.00651527
0.00653499
0.00653253
0.00651752
0.0065065
0.00649496
0.0064744
0.00648425
0.00648711
0.00647002
0.00646061
0.00646093
0.00645414
0.00645594
0.00644174
0.00644452
0.00644211
0.00645089
0.00646377
0.00646015
0.00646148
0.00644555
0.00645939
0.00646433
0.00646665
0.00646961
0.0064564
0.00646188
0.00646452
0.00647566
0.00648084
0.00647753
0.00648844
0.00647916
0.00646835
0.00647122
0.00647312
0.00647653
0.00648086
0.00647724
0.00646707
0.00646678
0.00648516
0.006494
0.00648859
0.00649229
0.0064814
0.00648393
0.00648676
0.00648422
0.00648976
0.00647942
0.00647926
0.00648774
0.00649504
0.00649607
0.00650136
0.00650404
0.00651278
0.00651623
0.00650001
0.00650545
0.00650637
0.00650672
0.00650673
0.00651044
0.00650907
0.00650123
0.00650794
0.00652475
0.00653166
0.00652844
0.0065362
0.00652475
0.00652071
0.00652461
0.00652604
0.00653283
0.00652838
0.00653512
0.00652441
0.00653937
0.00653172
0.00654639
0.00654955
0.00655147
0.00655461
0.00655465
0.0065467
0.00654008
0.00655074
0.00655107
0.00655039
0.00655343
0.00655394
0.00654671
0.00654554
0.00655503
0.00655995
0.00656512
0.00657083
0.00656764
0.00655493
0.00655781
0.00655503
0.00655625
0.00655581
0.00655929
0.0065446
0.0065429
0.00653666
0.00654721
0.00656092
0.00656154
0.00656107
0.00656458
0.00656655
0.00657595
0.00656858
0.00658236
0.00657913
0.0065804
0.0065818
0.00658105
0.00659553
0.00658312
0.00658412
0.00659223
0.00659911
0.00660096
0.00659989
0.0065966
0.00658471
0.00659467
0.00658349
0.00658483
0.00658974
0.00658678
0.00658647
0.00658758
0.00657301
0.00657277
0.00658642
0.00659828
0.00661499
0.00661
0.00661966
0.00660995
0.00660523
0.00661515
0.00661578
0.00661726
0.00662564
0.00662522
0.0066343
0.00662509
0.00663369
0.00662357
0.00662098
0.00661778
0.00660997
0.00661534
0.00659873
0.00660307
0.00660984
0.00661374
0.00661805
0.0066179
0.00663616
0.0066354
0.00662215
0.00661261
0.00661064
0.0066004
0.00659452
0.00659483
0.00660232
0.0065845
0.00657513
0.00657631
0.00657657
0.00657872
0.00658087
0.0065868
0.0065823
0.00658262
0.00658641
0.00657168
0.00655477
0.00655907
0.00656634
0.00656689
0.00655288
0.00654758
0.00655084
0.00654803
0.00654901
0.00655274
0.00656264
0.00655987
0.00654637
0.00655032
0.00655754
0.00657705
0.00658426
0.00658667
0.00658287
0.00659548
0.00659976
0.00658073
0.00657183
0.00657316
0.00657528
0.00657943
0.00658534
0.00657998
0.0065847
0.00658293
0.00656861
0.00657664
0.00658875
0.00660964
0.00661359
0.00660761
0.00660829
0.00662256
0.00661007
0.00659722
0.00659795
0.00660509
0.0066056
0.00660476
0.00660913
0.00659335
0.00658288
0.00658765
0.00659888
0.00660912
0.0066094
0.0066185
0.00662708
0.00662021
0.00660741
0.00660546
0.00660532
0.00660733
0.0066078
0.00660865
0.00660907
0.00661324
0.00661151
0.00663236
0.00663455
0.00662698
0.00661855
0.00662767
0.00661413
0.00660888
0.00659858
0.00658894
0.00659365
0.0066047
0.00661716
0.00659799
0.00657901
0.0065734
0.00657154
0.00657232
0.0065684
0.0065738
0.00658822
0.00659395
0.0066028
0.00660118
0.00660634
0.00660135
0.00660751
0.00662018
0.00661055
0.00662152
0.00663998
0.00664361
0.00665942
0.00667747
0.00667383
0.00665199
0.00663845
0.00664988
0.00664912
0.00666536
0.00667544
0.00667931
0.00666362
0.0066578
0.00666491
0.00666976
0.00667724
0.00668049
0.00669628
0.00669878
0.00666912
0.00667613
0.00668253
0.00665643
0.00666532
0.00667387
0.00666519
0.00666711
0.00667342
0.0066799
0.00668367
0.00669106
0.00669554
0.00668376
0.00668165
0.00666609
0.00666867
0.00669621
0.00671384
0.00671859
0.00672234
0.00672003
0.00671086
0.00671323
0.00671533
0.00672522
0.00673552
0.00673962
0.00673706
0.00673558
0.00674351
0.00674862
0.00675482
0.00676586
0.00676873
0.00677174
0.00678658
0.00678491
0.00678966
0.00680754
0.00680833
0.00682008
0.00681583
0.00680415
0.0068028
0.00681428
0.00681472
0.00682874
0.00682765
0.00683236
0.00684529
0.00685079
0.00685452
0.00685058
0.0068541
0.00684808
0.00685741
0.00686102
0.0068662
0.00688147
0.00688068
0.00688202
0.00687455
0.00686624
0.00685902
0.00684838
0.0068289
0.00683282
0.00683018
0.00683541
0.00685198
0.00685379
0.00685872
0.00687217
0.00690339
0.00693374
0.00694265
0.00694132
0.00694761
0.00695101
0.00696957
0.00696663
0.00697223
0.00698196
0.00698016
0.00697891
0.00698258
0.00699835
0.00701479
0.00703631
0.00703489
0.00703538
0.00704089
0.00705369
0.00706235
0.00706524
0.00706636
0.00708248
0.00710951
0.00711545
0.00710949
0.00708249
0.00706869
0.00706865
0.00706553
0.00705433
0.00705779
0.00706693
0.00706334
0.00707805
0.00708087
0.00709439
0.00709314
0.00710497
0.00711718
0.00711578
0.00713908
0.0071235
0.00710694
0.00710665
0.00711469
0.00712119
0.00712267
0.00713822
0.00714842
0.00715465
0.00715358
0.00716335
0.00716437
0.0071656
0.00715085
0.00716272
0.00717859
0.00717816
0.00718395
0.00718836
0.00719834
0.00719647
0.0071985
0.00719899
0.00719695
0.00718883
0.00718083
0.00717354
0.00717105
0.00717165
0.00718247
0.00716602
0.00715041
0.00715886
0.00717123
0.00717414
0.00718902
0.0071951
0.00719544
0.00721313
0.00721715
0.00720568
0.00718997
0.0071869
0.00718979
0.007206
0.00718757
0.00717663
0.00716952
0.00716878
0.00717528
0.00716234
0.00717194
0.00717889
0.00719733
0.00719078
0.00717362
0.0071742
0.00718722
0.00719506
0.00722175
0.00721555
0.00720965
0.00720236
0.00720738
0.00719365
0.00720902
0.00722362
0.00721599
0.00721688
0.00720266
0.00720389
0.00720367
0.0072108
0.00721063
0.00719741
0.00720393
0.00721672
0.00721815
0.00720579
0.00719758
0.00719672
0.00721566
0.00721745
0.00722389
0.00721443
0.00722098
0.00723413
0.00723413
0.00723429
0.00723438
0.00722729
0.00723897
0.00722927
0.00723559
0.00724527
0.00723665
0.00723432
0.00722972
0.00724312
0.0072555
0.00725652
0.00725652
0.00725823
0.00725855
0.0072436
0.00724005
0.00724897
0.00725034
0.00725204
0.00726035
0.00726488
0.00725331
0.00727539
0.00725976
0.00725486
0.00725022
0.00725076
0.00723963
0.00725054
0.00725851
0.0072595
0.00726421
0.00726054
0.00727094
0.00726898
0.00724606
0.00723262
0.00722949
0.00722454
0.00725111
0.00723663
0.00723106
0.00723283
0.00723296
0.0072435
0.00724561
0.00723928
0.00723094
0.00724072
0.00725405
0.00725889
0.00725935
0.00724603
0.00725634
0.00725908
0.00726077
0.00726321
0.00727842
0.0072633
0.00724987
0.00724888
0.00724528
0.00723935
0.00723105
0.00724647
0.00723572
0.00722118
0.007219
0.00721848
0.00721747
0.00720477
0.00721036
0.0071905
0.00719446
0.00718626
0.00718887
0.00719859
0.00717996
0.0071773
0.00717759
0.00717504
0.00717883
0.00716268
0.007169
0.00718118
0.00718951
0.00719194
0.00719568
0.00720833
0.00719819
0.00718086
0.00717319
0.00717659
0.00717698
0.00716127
0.00716691
0.00718002
0.00721036
0.00720219
0.00720191
0.00718027
0.00717739
0.00717645
0.00717604
0.00717601
0.0071897
0.00718101
0.00716843
0.00715495
0.00713556
0.00715566
0.00715522
0.00713623
0.00713162
0.00713164
0.00713497
0.00713453
0.00714377
0.00712747
0.00712555
0.00714108
0.00715696
0.00715083
0.00715348
0.0071357
0.00714074
0.00713864
0.00714126
0.00713957
0.00711721
0.00712571
0.00713715
0.00713206
0.00714122
0.0071386
0.0071421
0.00715373
0.00714665
0.00712809
0.0071386
0.00714689
0.00713226
0.00713441
0.00713855
0.00714567
0.00714062
0.00712939
0.00712218
0.00711829
0.00713394
0.00713588
0.00714159
0.00712279
0.00712212
0.00713738
0.00715645
0.00717384
0.00717573
0.00717477
0.00718791
0.00716958
0.00715823
0.0071546
0.00714958
0.00714901
0.00714205
0.00714151
0.00714032
0.00714765
0.00714706
0.00715864
0.00715015
0.00715167
0.00714995
0.00714921
0.00715148
0.00713711
0.00713354
0.00714339
0.00714897
0.00716952
0.0071706
0.00716891
0.00718186
0.00716484
0.00715071
0.00715132
0.00715641
0.00715078
0.00714804
0.00714523
0.00714117
0.00715661
0.00714596
0.00714732
0.00715648
0.00713878
0.00713346
0.00714014
0.00713424
0.00714242
0.00713009
0.00711363
0.00710975
0.00709722
0.00707252
0.00707427
0.00709364
0.0070857
0.00707017
0.00706775
0.00706193
0.00706828
0.00705366
0.00706735
0.00705371
0.00705331
0.00704683
0.0070621
0.00704587
0.00705264
0.00706162
0.00706254
0.00706824
0.00705289
0.00705871
0.00707333
0.00708657
0.00708809
0.00708665
0.00708992
0.00710425
0.00709014
0.00707498
0.00708472
0.00708366
0.00708334
0.0070785
0.00707221
0.00708313
0.00708651
0.00708247
0.00706875
0.0070604
0.00707706
0.00707417
0.00708001
0.00707264
0.00705446
0.00702762
0.00701715
0.00703768
0.00704606
0.00703216
0.00702753
0.00703508
0.00704227
0.00704345
0.00704601
0.0070313
0.00701911
0.00700998
0.00701228
0.00701428
0.0070048
0.00701555
0.00701752
0.00700711
0.00701829
0.00703113
0.00704287
0.00705788
0.00705159
0.00706824
0.00705036
0.0070288
0.00702872
0.00703449
0.0070316
0.0070164
0.00701421
0.00701666
0.0070083
0.0070098
0.00701029
0.00699593
0.00697577
0.00696365
0.00697699
0.00696353
0.00695263
0.00692768
0.0069074
0.00692063
0.00692392
0.00693954
0.00694689
0.00696815
0.00698092
0.00698504
0.00696765
0.00696391
0.00697089
0.00696642
0.00695786
0.00697063
0.00696285
0.00696955
0.0069655
0.00696525
0.00697169
0.00696032
0.00694395
0.00692776
0.00690949
0.00690071
0.00691291
0.00692033
0.00693226
0.00693296
0.006922
0.00692307
0.00693237
0.00692198
0.00692197
0.00693643
0.00694811
0.00693615
0.00692847
0.00694532
0.0069569
0.00698304
0.00699744
0.00700987
0.00700534
0.00699646
0.00698177
0.00697658
0.00700054
0.00700316
0.00702306
0.00704501
0.00706853
0.00708547
0.00709356
0.0070778
0.00706765
0.00705188
0.00704592
0.00705917
0.00706714
0.0070651
0.00706091
0.0070726
0.00706864
0.00707292
0.00708331
0.0071035
0.00712192
0.00713011
0.007125
0.00714018
0.00715571
0.00717463
0.00719887
0.00719827
0.00720534
0.00720935
0.00721792
0.00721461
0.00722745
0.00722949
0.00722883
0.00721254
0.00720854
0.00722553
0.00722512
0.00722021
0.0072189
0.00721693
0.00722808
0.00721962
0.00721479
0.00722146
0.00723743
0.00724821
0.00724492
0.00724584
0.00724107
0.00724729
0.0072411
0.00723415
0.00721433
0.00722779
0.00724387
0.00725046
0.00725278
0.00725482
0.00726272
0.00724711
0.00723232
0.0072165
0.00720679
0.00722127
0.00721881
0.00721799
0.00722282
0.00723369
0.00725474
0.00726983
0.00727077
0.00727128
0.00727942
0.00730314
0.0072943
0.00727585
0.00726788
0.00725083
0.00726181
0.00727351
0.00727598
0.00727031
0.00727199
0.00728569
0.00729246
0.00728616
0.00729926
0.00731216
0.0073281
0.0073418
0.00735833
0.00738137
0.00739961
0.00739535
0.00740453
0.00741787
0.00744025
0.00745334
0.00745479
0.00745227
0.00746203
0.00745308
0.00746218
0.00744434
0.0074536
0.00747295
0.00747787
0.00749213
0.00750012
0.00751369
0.00752065
0.00753155
0.00752589
0.00752147
0.00752056
0.00752659
0.00752621
0.0075323
0.00753601
0.00755262
0.00756913
0.00757158
0.00756372
0.00756505
0.007574
0.00758905
0.00758655
0.00760334
0.00761267
0.00760858
0.00760939
0.00761075
0.00761269
0.00761958
0.00762564
0.00762541
0.00763097
0.00762303
0.00760545
0.00758874
0.00757139
0.00755322
0.00755134
0.00756605
0.00756002
0.00754628
0.00754102
0.0075463
0.00754559
0.00754581
0.00755532
0.00756114
0.00754455
0.00752723
0.00750252
0.00748354
0.00748229
0.00747565
0.00746456
0.00747641
0.00749205
0.00748812
0.00748779
0.00748934
0.00748997
0.00749805
0.00749548
0.00749254
0.00751194
0.00752078
0.00751359
0.00749837
0.00748372
0.0074806
0.0074936
0.0074946
0.00751087
0.00752256
0.00751436
0.00751484
0.00752665
0.00752649
0.00751977
0.00752727
0.00754807
0.00756523
0.00758183
0.00761543
0.00764493
0.00764362
0.00762747
0.00763957
0.00765355
0.00766719
0.00767492
0.0076775
0.00767723
0.00768448
0.00768029
0.00767391
0.00768291
0.00770124
0.00772424
0.0077574
0.00777172
0.00777265
0.00777472
0.00777775
0.00780635
0.00781231
0.00781282
0.00781798
0.0078124
0.00782091
0.00781004
0.00781695
0.00783234
0.0078499
0.00786146
0.00787594
0.00788235
0.00789032
0.00788304
0.00789841
0.00791821
0.00793285
0.00793188
0.00794785
0.00794892
0.00794469
0.00795996
0.00794545
0.00792089
0.0079045
0.00788189
0.00788731
0.00789341
0.00790123
0.00791555
0.00791029
0.00790956
0.00790659
0.00791449
0.00791102
0.00792531
0.00794551
0.00796271
0.00796478
0.0079783
0.0079683
0.00796182
0.00795801
0.00797545
0.00800554
0.00801275
0.00802602
0.00802504
0.00801464
0.00802467
0.00802424
0.00801261
0.00801383
0.00802452
0.00801712
0.00803286
0.0080393
0.00803311
0.00802709
0.00802342
0.00801923
0.0080118
0.0080229
0.00803136
0.00803622
0.00803805
0.0080134
0.00800454
0.00802151
0.00802955
0.00805661
0.00807446
0.00808785
0.00808684
0.00808915
0.00810117
0.00810299
0.00812473
0.00813931
0.00816702
0.00818294
0.00817205
0.00817395
0.00818644
0.0082071
0.00822754
0.0082205
0.00822942
0.0082201
0.00823115
0.00824761
0.00826925
0.00829227
0.0082957
0.00829961
0.00831128
0.00832941
0.00833591
0.00834211
0.00834728
0.00834503
0.00834729
0.00835767
0.00834312
0.00833285
0.00832551
0.00833939
0.00832831
0.00835137
0.0083643
0.00837026
0.00836729
0.00836985
0.0083737
0.00838794
0.00840413
0.00842308
0.00842952
0.00843034
0.00844234
0.00841809
0.0084437
0.00845295
0.00847449
0.00847785
0.00847077
0.00847251
0.00848404
0.0084903
0.00850062
0.00852783
0.0085216
0.00852297
0.00852952
0.00855653
0.00858526
0.00861
0.00860106
0.00861311
0.00863383
0.00865018
0.00866732
0.00869131
0.00869766
0.00870378
0.00869673
0.00871195
0.00872834
0.00874246
0.00875753
0.00874827
0.0087476
0.00876168
0.00875341
0.00873995
0.00872731
0.00873255
0.00873
0.00875871
0.00876514
0.0087545
0.00876177
0.00876087
0.0087554
0.00874023
0.00876019
0.00877219
0.00876554
0.00877302
0.00878211
0.00877003
0.00880406
0.00881057
0.00883305
0.00884953
0.0088534
0.00885427
0.00887366
0.00888624
0.00890332
0.00892266
0.00893306
0.00895133
0.0089405
0.00893689
0.00892963
0.00891951
0.00893271
0.00895045
0.00896518
0.00898258
0.00900466
0.00902567
0.00903469
0.0090404
0.0090481
0.00906846
0.00909789
0.00910042
0.00909809
0.00909789
0.00911028
0.00911123
0.00909289
0.00909287
0.00910559
0.00910514
0.00910087
0.00907736
0.00906481
0.00906126
0.00906537
0.00904444
0.00903884
0.0090388
0.00903311
0.00904192
0.00904263
0.00903608
0.00905553
0.00907355
0.0090798
0.00908313
0.00907542
0.00908973
0.00909494
0.00907733
0.00906697
0.00908567
0.00909204
0.00910847
0.00910217
0.00908045
0.00907326
0.0090799
0.0090915
0.00908819
0.00906894
0.00904876
0.00904512
0.00907418
0.00908015
0.00907479
0.00909565
0.00911704
0.00913382
0.00913923
0.00913749
0.00913451
0.00914181
0.00912135
0.00911011
0.0090917
0.0090984
0.00910249
0.00911775
0.00910445
0.00908757
0.00909224
0.00909088
0.00910607
0.00912154
0.00914233
0.00917242
0.00919769
0.00921846
0.00921114
0.00922134
0.0092377
0.00924422
0.00925023
0.0092617
0.00925588
0.00926755
0.00928057
0.00927077
0.00925843
0.00928421
0.00927613
0.00930237
0.00929737
0.00928516
0.00927646
0.00927363
0.00928169
0.00928444
0.00930675
0.00932352
0.00935039
0.00935306
0.00935227
0.00937038
0.00938541
0.0094108
0.00943239
0.00942715
0.0094427
0.00942951
0.00941024
0.0093903
0.00936512
0.00937232
0.00938093
0.00939773
0.00939465
0.00938171
0.00936821
0.00936671
0.00937511
0.00939212
0.00941938
0.00943505
0.00947037
0.00947167
0.00944541
0.0094674
0.00948579
0.00950114
0.0095103
0.00950899
0.0095155
0.00951155
0.0095221
0.00954396
0.00956471
0.00957772
0.00958289
0.00958508
0.00959986
0.00959661
0.0095826
0.00958452
0.00956494
0.00957599
0.00958387
0.00960573
0.009626
0.00961392
0.00961497
0.00962781
0.00964665
0.00966739
0.00969051
0.00969284
0.00969786
0.00969836
0.00971059
0.0097098
0.00971316
0.00972403
0.00973163
0.00976207
0.0097638
0.00975999
0.0097661
0.00976808
0.00976446
0.00977588
0.00979661
0.00981121
0.0098351
0.00983471
0.00983428
0.00984267
0.00986043
0.00987819
0.00989222
0.00990584
0.00990612
0.00989959
0.00991483
0.00989665
0.00988212
0.00985952
0.0098455
0.00985855
0.00985362
0.00983649
0.00982011
0.00981608
0.00980697
0.00982362
0.00984046
0.00985119
0.00986927
0.00987471
0.00985592
0.00986648
0.00988761
0.00991918
0.00993975
0.0099448
0.00994252
0.00994353
0.00996395
0.00995511
0.00994118
0.00994137
0.00995579
0.00995579
